2020/10/15-19:52:14.794781 7f464e734700 RocksDB version: 6.11.4
2020/10/15-19:52:14.794815 7f464e734700 Git sha rocksdb_build_git_sha:@48bfca38f6f175435052a59791922a1a453d9609@
2020/10/15-19:52:14.794818 7f464e734700 Compile date Oct  3 2020
2020/10/15-19:52:14.794821 7f464e734700 DB SUMMARY
2020/10/15-19:52:14.794870 7f464e734700 CURRENT file:  CURRENT
2020/10/15-19:52:14.794872 7f464e734700 IDENTITY file:  IDENTITY
2020/10/15-19:52:14.794878 7f464e734700 MANIFEST file:  MANIFEST-000122 size: 1428 Bytes
2020/10/15-19:52:14.794881 7f464e734700 SST files in s2/chains/DevelopmentChain/db/ed610d82ff220c8e/overlayrecent/db dir, Total Num: 8, files: 000026.sst 000027.sst 000028.sst 000029.sst 000117.sst 000118.sst 000120.sst 000121.sst 
2020/10/15-19:52:14.794884 7f464e734700 Write Ahead Log file in s2/chains/DevelopmentChain/db/ed610d82ff220c8e/overlayrecent/db: 000123.log size: 143 ; 
2020/10/15-19:52:14.794886 7f464e734700                         Options.error_if_exists: 0
2020/10/15-19:52:14.794888 7f464e734700                       Options.create_if_missing: 1
2020/10/15-19:52:14.794890 7f464e734700                         Options.paranoid_checks: 1
2020/10/15-19:52:14.794892 7f464e734700                                     Options.env: 0x55b420db0440
2020/10/15-19:52:14.794894 7f464e734700                                      Options.fs: Posix File System
2020/10/15-19:52:14.794896 7f464e734700                                Options.info_log: 0x55b4227e06d0
2020/10/15-19:52:14.794898 7f464e734700                Options.max_file_opening_threads: 16
2020/10/15-19:52:14.794899 7f464e734700                              Options.statistics: (nil)
2020/10/15-19:52:14.794902 7f464e734700                               Options.use_fsync: 0
2020/10/15-19:52:14.794904 7f464e734700                       Options.max_log_file_size: 0
2020/10/15-19:52:14.794905 7f464e734700                  Options.max_manifest_file_size: 1073741824
2020/10/15-19:52:14.794907 7f464e734700                   Options.log_file_time_to_roll: 0
2020/10/15-19:52:14.794909 7f464e734700                       Options.keep_log_file_num: 1
2020/10/15-19:52:14.794911 7f464e734700                    Options.recycle_log_file_num: 0
2020/10/15-19:52:14.794913 7f464e734700                         Options.allow_fallocate: 1
2020/10/15-19:52:14.794915 7f464e734700                        Options.allow_mmap_reads: 0
2020/10/15-19:52:14.794916 7f464e734700                       Options.allow_mmap_writes: 0
2020/10/15-19:52:14.794918 7f464e734700                        Options.use_direct_reads: 0
2020/10/15-19:52:14.794920 7f464e734700                        Options.use_direct_io_for_flush_and_compaction: 0
2020/10/15-19:52:14.794922 7f464e734700          Options.create_missing_column_families: 0
2020/10/15-19:52:14.794923 7f464e734700                              Options.db_log_dir: 
2020/10/15-19:52:14.794925 7f464e734700                                 Options.wal_dir: s2/chains/DevelopmentChain/db/ed610d82ff220c8e/overlayrecent/db
2020/10/15-19:52:14.794927 7f464e734700                Options.table_cache_numshardbits: 6
2020/10/15-19:52:14.794929 7f464e734700                      Options.max_subcompactions: 1
2020/10/15-19:52:14.794931 7f464e734700                         Options.WAL_ttl_seconds: 0
2020/10/15-19:52:14.794932 7f464e734700                       Options.WAL_size_limit_MB: 0
2020/10/15-19:52:14.794934 7f464e734700                        Options.max_write_batch_group_size_bytes: 1048576
2020/10/15-19:52:14.794936 7f464e734700             Options.manifest_preallocation_size: 4194304
2020/10/15-19:52:14.794938 7f464e734700                     Options.is_fd_close_on_exec: 1
2020/10/15-19:52:14.794940 7f464e734700                   Options.advise_random_on_open: 1
2020/10/15-19:52:14.794942 7f464e734700                    Options.db_write_buffer_size: 0
2020/10/15-19:52:14.794943 7f464e734700                    Options.write_buffer_manager: 0x55b4227deb50
2020/10/15-19:52:14.794945 7f464e734700         Options.access_hint_on_compaction_start: 1
2020/10/15-19:52:14.794947 7f464e734700  Options.new_table_reader_for_compaction_inputs: 0
2020/10/15-19:52:14.794982 7f464e734700           Options.random_access_max_buffer_size: 1048576
2020/10/15-19:52:14.794985 7f464e734700                      Options.use_adaptive_mutex: 0
2020/10/15-19:52:14.794986 7f464e734700                            Options.rate_limiter: (nil)
2020/10/15-19:52:14.794989 7f464e734700     Options.sst_file_manager.rate_bytes_per_sec: 0
2020/10/15-19:52:14.794991 7f464e734700                       Options.wal_recovery_mode: 2
2020/10/15-19:52:14.794992 7f464e734700                  Options.enable_thread_tracking: 0
2020/10/15-19:52:14.794994 7f464e734700                  Options.enable_pipelined_write: 0
2020/10/15-19:52:14.794996 7f464e734700                  Options.unordered_write: 0
2020/10/15-19:52:14.794998 7f464e734700         Options.allow_concurrent_memtable_write: 1
2020/10/15-19:52:14.794999 7f464e734700      Options.enable_write_thread_adaptive_yield: 1
2020/10/15-19:52:14.795001 7f464e734700             Options.write_thread_max_yield_usec: 100
2020/10/15-19:52:14.795003 7f464e734700            Options.write_thread_slow_yield_usec: 3
2020/10/15-19:52:14.795005 7f464e734700                               Options.row_cache: None
2020/10/15-19:52:14.795007 7f464e734700                              Options.wal_filter: None
2020/10/15-19:52:14.795008 7f464e734700             Options.avoid_flush_during_recovery: 0
2020/10/15-19:52:14.795010 7f464e734700             Options.allow_ingest_behind: 0
2020/10/15-19:52:14.795012 7f464e734700             Options.preserve_deletes: 0
2020/10/15-19:52:14.795014 7f464e734700             Options.two_write_queues: 0
2020/10/15-19:52:14.795016 7f464e734700             Options.manual_wal_flush: 0
2020/10/15-19:52:14.795017 7f464e734700             Options.atomic_flush: 0
2020/10/15-19:52:14.795019 7f464e734700             Options.avoid_unnecessary_blocking_io: 0
2020/10/15-19:52:14.795021 7f464e734700                 Options.persist_stats_to_disk: 0
2020/10/15-19:52:14.795023 7f464e734700                 Options.write_dbid_to_manifest: 0
2020/10/15-19:52:14.795025 7f464e734700                 Options.log_readahead_size: 0
2020/10/15-19:52:14.795026 7f464e734700                 Options.file_checksum_gen_factory: Unknown
2020/10/15-19:52:14.795038 7f464e734700                 Options.best_efforts_recovery: 0
2020/10/15-19:52:14.795040 7f464e734700             Options.max_background_jobs: 2
2020/10/15-19:52:14.795041 7f464e734700             Options.max_background_compactions: -1
2020/10/15-19:52:14.795043 7f464e734700             Options.avoid_flush_during_shutdown: 0
2020/10/15-19:52:14.795045 7f464e734700           Options.writable_file_max_buffer_size: 1048576
2020/10/15-19:52:14.795046 7f464e734700             Options.delayed_write_rate : 16777216
2020/10/15-19:52:14.795048 7f464e734700             Options.max_total_wal_size: 0
2020/10/15-19:52:14.795050 7f464e734700             Options.delete_obsolete_files_period_micros: 21600000000
2020/10/15-19:52:14.795052 7f464e734700                   Options.stats_dump_period_sec: 600
2020/10/15-19:52:14.795054 7f464e734700                 Options.stats_persist_period_sec: 600
2020/10/15-19:52:14.795056 7f464e734700                 Options.stats_history_buffer_size: 1048576
2020/10/15-19:52:14.795057 7f464e734700                          Options.max_open_files: 512
2020/10/15-19:52:14.795059 7f464e734700                          Options.bytes_per_sync: 1048576
2020/10/15-19:52:14.795061 7f464e734700                      Options.wal_bytes_per_sync: 0
2020/10/15-19:52:14.795063 7f464e734700                   Options.strict_bytes_per_sync: 0
2020/10/15-19:52:14.795065 7f464e734700       Options.compaction_readahead_size: 0
2020/10/15-19:52:14.795066 7f464e734700                  Options.max_background_flushes: -1
2020/10/15-19:52:14.795068 7f464e734700 Compression algorithms supported:
2020/10/15-19:52:14.795070 7f464e734700 	kZSTDNotFinalCompression supported: 0
2020/10/15-19:52:14.795072 7f464e734700 	kZSTD supported: 0
2020/10/15-19:52:14.795074 7f464e734700 	kXpressCompression supported: 0
2020/10/15-19:52:14.795076 7f464e734700 	kLZ4HCCompression supported: 0
2020/10/15-19:52:14.795091 7f464e734700 	kLZ4Compression supported: 0
2020/10/15-19:52:14.795094 7f464e734700 	kBZip2Compression supported: 0
2020/10/15-19:52:14.795095 7f464e734700 	kZlibCompression supported: 0
2020/10/15-19:52:14.795097 7f464e734700 	kSnappyCompression supported: 1
2020/10/15-19:52:14.795101 7f464e734700 Fast CRC32 supported: Supported on x86
2020/10/15-19:52:14.795213 7f464e734700 [db/version_set.cc:4555] Recovering from manifest file: s2/chains/DevelopmentChain/db/ed610d82ff220c8e/overlayrecent/db/MANIFEST-000122
2020/10/15-19:52:14.795367 7f464e734700 [db/column_family.cc:579] --------------- Options for column family [default]:
2020/10/15-19:52:14.795370 7f464e734700               Options.comparator: leveldb.BytewiseComparator
2020/10/15-19:52:14.795372 7f464e734700           Options.merge_operator: None
2020/10/15-19:52:14.795373 7f464e734700        Options.compaction_filter: None
2020/10/15-19:52:14.795375 7f464e734700        Options.compaction_filter_factory: None
2020/10/15-19:52:14.795376 7f464e734700         Options.memtable_factory: SkipListFactory
2020/10/15-19:52:14.795378 7f464e734700            Options.table_factory: BlockBasedTable
2020/10/15-19:52:14.795439 7f464e734700            table_factory options:   flush_block_policy_factory: FlushBlockBySizePolicyFactory (0x55b4227deb10)
  cache_index_and_filter_blocks: 0
  cache_index_and_filter_blocks_with_high_priority: 1
  pin_l0_filter_and_index_blocks_in_cache: 0
  pin_top_level_index_and_filter: 1
  index_type: 0
  data_block_index_type: 0
  index_shortening: 1
  data_block_hash_table_util_ratio: 0.750000
  hash_index_allow_collision: 1
  checksum: 1
  no_block_cache: 0
  block_cache: 0x55b4227dd830
  block_cache_name: LRUCache
  block_cache_options:
    capacity : 8388608
    num_shard_bits : 4
    strict_capacity_limit : 0
    memory_allocator : None
    high_pri_pool_ratio: 0.000
  block_cache_compressed: (nil)
  persistent_cache: (nil)
  block_size: 4096
  block_size_deviation: 10
  block_restart_interval: 16
  index_block_restart_interval: 1
  metadata_block_size: 4096
  partition_filters: 0
  use_delta_encoding: 1
  filter_policy: nullptr
  whole_key_filtering: 1
  verify_compression: 0
  read_amp_bytes_per_bit: 0
  format_version: 4
  enable_index_compression: 1
  block_align: 0
2020/10/15-19:52:14.795445 7f464e734700        Options.write_buffer_size: 67108864
2020/10/15-19:52:14.795447 7f464e734700  Options.max_write_buffer_number: 2
2020/10/15-19:52:14.795449 7f464e734700          Options.compression: Snappy
2020/10/15-19:52:14.795450 7f464e734700                  Options.bottommost_compression: Disabled
2020/10/15-19:52:14.795452 7f464e734700       Options.prefix_extractor: nullptr
2020/10/15-19:52:14.795454 7f464e734700   Options.memtable_insert_with_hint_prefix_extractor: nullptr
2020/10/15-19:52:14.795455 7f464e734700             Options.num_levels: 7
2020/10/15-19:52:14.795457 7f464e734700        Options.min_write_buffer_number_to_merge: 1
2020/10/15-19:52:14.795459 7f464e734700     Options.max_write_buffer_number_to_maintain: 0
2020/10/15-19:52:14.795460 7f464e734700     Options.max_write_buffer_size_to_maintain: 0
2020/10/15-19:52:14.795462 7f464e734700            Options.bottommost_compression_opts.window_bits: -14
2020/10/15-19:52:14.795464 7f464e734700                  Options.bottommost_compression_opts.level: 32767
2020/10/15-19:52:14.795465 7f464e734700               Options.bottommost_compression_opts.strategy: 0
2020/10/15-19:52:14.795467 7f464e734700         Options.bottommost_compression_opts.max_dict_bytes: 0
2020/10/15-19:52:14.795468 7f464e734700         Options.bottommost_compression_opts.zstd_max_train_bytes: 0
2020/10/15-19:52:14.795470 7f464e734700         Options.bottommost_compression_opts.parallel_threads: 1
2020/10/15-19:52:14.795472 7f464e734700                  Options.bottommost_compression_opts.enabled: false
2020/10/15-19:52:14.795474 7f464e734700            Options.compression_opts.window_bits: -14
2020/10/15-19:52:14.795476 7f464e734700                  Options.compression_opts.level: 32767
2020/10/15-19:52:14.795493 7f464e734700               Options.compression_opts.strategy: 0
2020/10/15-19:52:14.795496 7f464e734700         Options.compression_opts.max_dict_bytes: 0
2020/10/15-19:52:14.795497 7f464e734700         Options.compression_opts.zstd_max_train_bytes: 0
2020/10/15-19:52:14.795499 7f464e734700         Options.compression_opts.parallel_threads: 1
2020/10/15-19:52:14.795501 7f464e734700                  Options.compression_opts.enabled: false
2020/10/15-19:52:14.795502 7f464e734700      Options.level0_file_num_compaction_trigger: 4
2020/10/15-19:52:14.795504 7f464e734700          Options.level0_slowdown_writes_trigger: 20
2020/10/15-19:52:14.795506 7f464e734700              Options.level0_stop_writes_trigger: 36
2020/10/15-19:52:14.795507 7f464e734700                   Options.target_file_size_base: 67108864
2020/10/15-19:52:14.795509 7f464e734700             Options.target_file_size_multiplier: 1
2020/10/15-19:52:14.795511 7f464e734700                Options.max_bytes_for_level_base: 268435456
2020/10/15-19:52:14.795512 7f464e734700 Options.level_compaction_dynamic_level_bytes: 0
2020/10/15-19:52:14.795514 7f464e734700          Options.max_bytes_for_level_multiplier: 10.000000
2020/10/15-19:52:14.795518 7f464e734700 Options.max_bytes_for_level_multiplier_addtl[0]: 1
2020/10/15-19:52:14.795520 7f464e734700 Options.max_bytes_for_level_multiplier_addtl[1]: 1
2020/10/15-19:52:14.795521 7f464e734700 Options.max_bytes_for_level_multiplier_addtl[2]: 1
2020/10/15-19:52:14.795523 7f464e734700 Options.max_bytes_for_level_multiplier_addtl[3]: 1
2020/10/15-19:52:14.795525 7f464e734700 Options.max_bytes_for_level_multiplier_addtl[4]: 1
2020/10/15-19:52:14.795527 7f464e734700 Options.max_bytes_for_level_multiplier_addtl[5]: 1
2020/10/15-19:52:14.795528 7f464e734700 Options.max_bytes_for_level_multiplier_addtl[6]: 1
2020/10/15-19:52:14.795530 7f464e734700       Options.max_sequential_skip_in_iterations: 8
2020/10/15-19:52:14.795532 7f464e734700                    Options.max_compaction_bytes: 1677721600
2020/10/15-19:52:14.795533 7f464e734700                        Options.arena_block_size: 8388608
2020/10/15-19:52:14.795535 7f464e734700   Options.soft_pending_compaction_bytes_limit: 68719476736
2020/10/15-19:52:14.795537 7f464e734700   Options.hard_pending_compaction_bytes_limit: 274877906944
2020/10/15-19:52:14.795539 7f464e734700       Options.rate_limit_delay_max_milliseconds: 100
2020/10/15-19:52:14.795541 7f464e734700                Options.disable_auto_compactions: 0
2020/10/15-19:52:14.795543 7f464e734700                        Options.compaction_style: kCompactionStyleLevel
2020/10/15-19:52:14.795545 7f464e734700                          Options.compaction_pri: kMinOverlappingRatio
2020/10/15-19:52:14.795547 7f464e734700 Options.compaction_options_universal.size_ratio: 1
2020/10/15-19:52:14.795549 7f464e734700 Options.compaction_options_universal.min_merge_width: 2
2020/10/15-19:52:14.795550 7f464e734700 Options.compaction_options_universal.max_merge_width: 4294967295
2020/10/15-19:52:14.795552 7f464e734700 Options.compaction_options_universal.max_size_amplification_percent: 200
2020/10/15-19:52:14.795554 7f464e734700 Options.compaction_options_universal.compression_size_percent: -1
2020/10/15-19:52:14.795556 7f464e734700 Options.compaction_options_universal.stop_style: kCompactionStopStyleTotalSize
2020/10/15-19:52:14.795557 7f464e734700 Options.compaction_options_fifo.max_table_files_size: 1073741824
2020/10/15-19:52:14.795559 7f464e734700 Options.compaction_options_fifo.allow_compaction: 0
2020/10/15-19:52:14.795567 7f464e734700                   Options.table_properties_collectors: 
2020/10/15-19:52:14.795568 7f464e734700                   Options.inplace_update_support: 0
2020/10/15-19:52:14.795570 7f464e734700                 Options.inplace_update_num_locks: 10000
2020/10/15-19:52:14.795572 7f464e734700               Options.memtable_prefix_bloom_size_ratio: 0.000000
2020/10/15-19:52:14.795574 7f464e734700               Options.memtable_whole_key_filtering: 0
2020/10/15-19:52:14.795587 7f464e734700   Options.memtable_huge_page_size: 0
2020/10/15-19:52:14.795589 7f464e734700                           Options.bloom_locality: 0
2020/10/15-19:52:14.795591 7f464e734700                    Options.max_successive_merges: 0
2020/10/15-19:52:14.795592 7f464e734700                Options.optimize_filters_for_hits: 0
2020/10/15-19:52:14.795594 7f464e734700                Options.paranoid_file_checks: 0
2020/10/15-19:52:14.795596 7f464e734700                Options.force_consistency_checks: 0
2020/10/15-19:52:14.795597 7f464e734700                Options.report_bg_io_stats: 0
2020/10/15-19:52:14.795599 7f464e734700                               Options.ttl: 2592000
2020/10/15-19:52:14.795601 7f464e734700          Options.periodic_compaction_seconds: 0
2020/10/15-19:52:14.795682 7f464e734700 [db/column_family.cc:579] --------------- Options for column family [col0]:
2020/10/15-19:52:14.795684 7f464e734700               Options.comparator: leveldb.BytewiseComparator
2020/10/15-19:52:14.795686 7f464e734700           Options.merge_operator: None
2020/10/15-19:52:14.795688 7f464e734700        Options.compaction_filter: None
2020/10/15-19:52:14.795690 7f464e734700        Options.compaction_filter_factory: None
2020/10/15-19:52:14.795691 7f464e734700         Options.memtable_factory: SkipListFactory
2020/10/15-19:52:14.795693 7f464e734700            Options.table_factory: BlockBasedTable
2020/10/15-19:52:14.795728 7f464e734700            table_factory options:   flush_block_policy_factory: FlushBlockBySizePolicyFactory (0x55b4227dbba0)
  cache_index_and_filter_blocks: 1
  cache_index_and_filter_blocks_with_high_priority: 1
  pin_l0_filter_and_index_blocks_in_cache: 1
  pin_top_level_index_and_filter: 1
  index_type: 0
  data_block_index_type: 0
  index_shortening: 1
  data_block_hash_table_util_ratio: 0.750000
  hash_index_allow_collision: 1
  checksum: 1
  no_block_cache: 0
  block_cache: 0x55b4227d3250
  block_cache_name: LRUCache
  block_cache_options:
    capacity : 134217728
    num_shard_bits : 6
    strict_capacity_limit : 0
    memory_allocator : None
    high_pri_pool_ratio: 0.500
  block_cache_compressed: (nil)
  persistent_cache: (nil)
  block_size: 16384
  block_size_deviation: 10
  block_restart_interval: 16
  index_block_restart_interval: 1
  metadata_block_size: 4096
  partition_filters: 0
  use_delta_encoding: 1
  filter_policy: rocksdb.BuiltinBloomFilter
  whole_key_filtering: 1
  verify_compression: 0
  read_amp_bytes_per_bit: 0
  format_version: 4
  enable_index_compression: 1
  block_align: 0
2020/10/15-19:52:14.795742 7f464e734700        Options.write_buffer_size: 67108864
2020/10/15-19:52:14.795744 7f464e734700  Options.max_write_buffer_number: 6
2020/10/15-19:52:14.795746 7f464e734700          Options.compression: Snappy
2020/10/15-19:52:14.795748 7f464e734700                  Options.bottommost_compression: Disabled
2020/10/15-19:52:14.795749 7f464e734700       Options.prefix_extractor: nullptr
2020/10/15-19:52:14.795751 7f464e734700   Options.memtable_insert_with_hint_prefix_extractor: nullptr
2020/10/15-19:52:14.795753 7f464e734700             Options.num_levels: 7
2020/10/15-19:52:14.795755 7f464e734700        Options.min_write_buffer_number_to_merge: 2
2020/10/15-19:52:14.795756 7f464e734700     Options.max_write_buffer_number_to_maintain: 0
2020/10/15-19:52:14.795758 7f464e734700     Options.max_write_buffer_size_to_maintain: 0
2020/10/15-19:52:14.795760 7f464e734700            Options.bottommost_compression_opts.window_bits: -14
2020/10/15-19:52:14.795761 7f464e734700                  Options.bottommost_compression_opts.level: 32767
2020/10/15-19:52:14.795763 7f464e734700               Options.bottommost_compression_opts.strategy: 0
2020/10/15-19:52:14.795765 7f464e734700         Options.bottommost_compression_opts.max_dict_bytes: 0
2020/10/15-19:52:14.795767 7f464e734700         Options.bottommost_compression_opts.zstd_max_train_bytes: 0
2020/10/15-19:52:14.795768 7f464e734700         Options.bottommost_compression_opts.parallel_threads: 1
2020/10/15-19:52:14.795782 7f464e734700                  Options.bottommost_compression_opts.enabled: false
2020/10/15-19:52:14.795784 7f464e734700            Options.compression_opts.window_bits: -14
2020/10/15-19:52:14.795786 7f464e734700                  Options.compression_opts.level: 32767
2020/10/15-19:52:14.795787 7f464e734700               Options.compression_opts.strategy: 0
2020/10/15-19:52:14.795789 7f464e734700         Options.compression_opts.max_dict_bytes: 0
2020/10/15-19:52:14.795791 7f464e734700         Options.compression_opts.zstd_max_train_bytes: 0
2020/10/15-19:52:14.795792 7f464e734700         Options.compression_opts.parallel_threads: 1
2020/10/15-19:52:14.795794 7f464e734700                  Options.compression_opts.enabled: false
2020/10/15-19:52:14.795796 7f464e734700      Options.level0_file_num_compaction_trigger: 2
2020/10/15-19:52:14.795798 7f464e734700          Options.level0_slowdown_writes_trigger: 20
2020/10/15-19:52:14.795800 7f464e734700              Options.level0_stop_writes_trigger: 36
2020/10/15-19:52:14.795801 7f464e734700                   Options.target_file_size_base: 67108864
2020/10/15-19:52:14.795803 7f464e734700             Options.target_file_size_multiplier: 1
2020/10/15-19:52:14.795805 7f464e734700                Options.max_bytes_for_level_base: 268435456
2020/10/15-19:52:14.795807 7f464e734700 Options.level_compaction_dynamic_level_bytes: 1
2020/10/15-19:52:14.795808 7f464e734700          Options.max_bytes_for_level_multiplier: 10.000000
2020/10/15-19:52:14.795811 7f464e734700 Options.max_bytes_for_level_multiplier_addtl[0]: 1
2020/10/15-19:52:14.795813 7f464e734700 Options.max_bytes_for_level_multiplier_addtl[1]: 1
2020/10/15-19:52:14.795815 7f464e734700 Options.max_bytes_for_level_multiplier_addtl[2]: 1
2020/10/15-19:52:14.795817 7f464e734700 Options.max_bytes_for_level_multiplier_addtl[3]: 1
2020/10/15-19:52:14.795818 7f464e734700 Options.max_bytes_for_level_multiplier_addtl[4]: 1
2020/10/15-19:52:14.795820 7f464e734700 Options.max_bytes_for_level_multiplier_addtl[5]: 1
2020/10/15-19:52:14.795822 7f464e734700 Options.max_bytes_for_level_multiplier_addtl[6]: 1
2020/10/15-19:52:14.795824 7f464e734700       Options.max_sequential_skip_in_iterations: 8
2020/10/15-19:52:14.795826 7f464e734700                    Options.max_compaction_bytes: 1677721600
2020/10/15-19:52:14.795828 7f464e734700                        Options.arena_block_size: 8388608
2020/10/15-19:52:14.795829 7f464e734700   Options.soft_pending_compaction_bytes_limit: 68719476736
2020/10/15-19:52:14.795831 7f464e734700   Options.hard_pending_compaction_bytes_limit: 274877906944
2020/10/15-19:52:14.795833 7f464e734700       Options.rate_limit_delay_max_milliseconds: 100
2020/10/15-19:52:14.795835 7f464e734700                Options.disable_auto_compactions: 0
2020/10/15-19:52:14.795837 7f464e734700                        Options.compaction_style: kCompactionStyleLevel
2020/10/15-19:52:14.795839 7f464e734700                          Options.compaction_pri: kMinOverlappingRatio
2020/10/15-19:52:14.795840 7f464e734700 Options.compaction_options_universal.size_ratio: 1
2020/10/15-19:52:14.795842 7f464e734700 Options.compaction_options_universal.min_merge_width: 2
2020/10/15-19:52:14.795844 7f464e734700 Options.compaction_options_universal.max_merge_width: 4294967295
2020/10/15-19:52:14.795846 7f464e734700 Options.compaction_options_universal.max_size_amplification_percent: 200
2020/10/15-19:52:14.795847 7f464e734700 Options.compaction_options_universal.compression_size_percent: -1
2020/10/15-19:52:14.795850 7f464e734700 Options.compaction_options_universal.stop_style: kCompactionStopStyleTotalSize
2020/10/15-19:52:14.795851 7f464e734700 Options.compaction_options_fifo.max_table_files_size: 1073741824
2020/10/15-19:52:14.795853 7f464e734700 Options.compaction_options_fifo.allow_compaction: 0
2020/10/15-19:52:14.795857 7f464e734700                   Options.table_properties_collectors: 
2020/10/15-19:52:14.795858 7f464e734700                   Options.inplace_update_support: 0
2020/10/15-19:52:14.795860 7f464e734700                 Options.inplace_update_num_locks: 10000
2020/10/15-19:52:14.795872 7f464e734700               Options.memtable_prefix_bloom_size_ratio: 0.000000
2020/10/15-19:52:14.795875 7f464e734700               Options.memtable_whole_key_filtering: 0
2020/10/15-19:52:14.795877 7f464e734700   Options.memtable_huge_page_size: 0
2020/10/15-19:52:14.795878 7f464e734700                           Options.bloom_locality: 0
2020/10/15-19:52:14.795880 7f464e734700                    Options.max_successive_merges: 0
2020/10/15-19:52:14.795882 7f464e734700                Options.optimize_filters_for_hits: 0
2020/10/15-19:52:14.795884 7f464e734700                Options.paranoid_file_checks: 0
2020/10/15-19:52:14.795885 7f464e734700                Options.force_consistency_checks: 0
2020/10/15-19:52:14.795887 7f464e734700                Options.report_bg_io_stats: 0
2020/10/15-19:52:14.795889 7f464e734700                               Options.ttl: 2592000
2020/10/15-19:52:14.795891 7f464e734700          Options.periodic_compaction_seconds: 0
2020/10/15-19:52:14.795947 7f464e734700 [db/column_family.cc:579] --------------- Options for column family [col1]:
2020/10/15-19:52:14.795950 7f464e734700               Options.comparator: leveldb.BytewiseComparator
2020/10/15-19:52:14.795952 7f464e734700           Options.merge_operator: None
2020/10/15-19:52:14.795953 7f464e734700        Options.compaction_filter: None
2020/10/15-19:52:14.795955 7f464e734700        Options.compaction_filter_factory: None
2020/10/15-19:52:14.795957 7f464e734700         Options.memtable_factory: SkipListFactory
2020/10/15-19:52:14.795958 7f464e734700            Options.table_factory: BlockBasedTable
2020/10/15-19:52:14.795989 7f464e734700            table_factory options:   flush_block_policy_factory: FlushBlockBySizePolicyFactory (0x55b4227da740)
  cache_index_and_filter_blocks: 1
  cache_index_and_filter_blocks_with_high_priority: 1
  pin_l0_filter_and_index_blocks_in_cache: 1
  pin_top_level_index_and_filter: 1
  index_type: 0
  data_block_index_type: 0
  index_shortening: 1
  data_block_hash_table_util_ratio: 0.750000
  hash_index_allow_collision: 1
  checksum: 1
  no_block_cache: 0
  block_cache: 0x55b4227d3250
  block_cache_name: LRUCache
  block_cache_options:
    capacity : 134217728
    num_shard_bits : 6
    strict_capacity_limit : 0
    memory_allocator : None
    high_pri_pool_ratio: 0.500
  block_cache_compressed: (nil)
  persistent_cache: (nil)
  block_size: 16384
  block_size_deviation: 10
  block_restart_interval: 16
  index_block_restart_interval: 1
  metadata_block_size: 4096
  partition_filters: 0
  use_delta_encoding: 1
  filter_policy: rocksdb.BuiltinBloomFilter
  whole_key_filtering: 1
  verify_compression: 0
  read_amp_bytes_per_bit: 0
  format_version: 4
  enable_index_compression: 1
  block_align: 0
2020/10/15-19:52:14.795991 7f464e734700        Options.write_buffer_size: 4194304
2020/10/15-19:52:14.795993 7f464e734700  Options.max_write_buffer_number: 6
2020/10/15-19:52:14.795995 7f464e734700          Options.compression: Snappy
2020/10/15-19:52:14.795996 7f464e734700                  Options.bottommost_compression: Disabled
2020/10/15-19:52:14.795998 7f464e734700       Options.prefix_extractor: nullptr
2020/10/15-19:52:14.796000 7f464e734700   Options.memtable_insert_with_hint_prefix_extractor: nullptr
2020/10/15-19:52:14.796002 7f464e734700             Options.num_levels: 7
2020/10/15-19:52:14.796004 7f464e734700        Options.min_write_buffer_number_to_merge: 2
2020/10/15-19:52:14.796005 7f464e734700     Options.max_write_buffer_number_to_maintain: 0
2020/10/15-19:52:14.796007 7f464e734700     Options.max_write_buffer_size_to_maintain: 0
2020/10/15-19:52:14.796009 7f464e734700            Options.bottommost_compression_opts.window_bits: -14
2020/10/15-19:52:14.796011 7f464e734700                  Options.bottommost_compression_opts.level: 32767
2020/10/15-19:52:14.796012 7f464e734700               Options.bottommost_compression_opts.strategy: 0
2020/10/15-19:52:14.796014 7f464e734700         Options.bottommost_compression_opts.max_dict_bytes: 0
2020/10/15-19:52:14.796027 7f464e734700         Options.bottommost_compression_opts.zstd_max_train_bytes: 0
2020/10/15-19:52:14.796029 7f464e734700         Options.bottommost_compression_opts.parallel_threads: 1
2020/10/15-19:52:14.796031 7f464e734700                  Options.bottommost_compression_opts.enabled: false
2020/10/15-19:52:14.796033 7f464e734700            Options.compression_opts.window_bits: -14
2020/10/15-19:52:14.796035 7f464e734700                  Options.compression_opts.level: 32767
2020/10/15-19:52:14.796036 7f464e734700               Options.compression_opts.strategy: 0
2020/10/15-19:52:14.796038 7f464e734700         Options.compression_opts.max_dict_bytes: 0
2020/10/15-19:52:14.796040 7f464e734700         Options.compression_opts.zstd_max_train_bytes: 0
2020/10/15-19:52:14.796042 7f464e734700         Options.compression_opts.parallel_threads: 1
2020/10/15-19:52:14.796043 7f464e734700                  Options.compression_opts.enabled: false
2020/10/15-19:52:14.796045 7f464e734700      Options.level0_file_num_compaction_trigger: 2
2020/10/15-19:52:14.796047 7f464e734700          Options.level0_slowdown_writes_trigger: 20
2020/10/15-19:52:14.796048 7f464e734700              Options.level0_stop_writes_trigger: 36
2020/10/15-19:52:14.796050 7f464e734700                   Options.target_file_size_base: 67108864
2020/10/15-19:52:14.796052 7f464e734700             Options.target_file_size_multiplier: 1
2020/10/15-19:52:14.796054 7f464e734700                Options.max_bytes_for_level_base: 16777216
2020/10/15-19:52:14.796056 7f464e734700 Options.level_compaction_dynamic_level_bytes: 1
2020/10/15-19:52:14.796058 7f464e734700          Options.max_bytes_for_level_multiplier: 10.000000
2020/10/15-19:52:14.796060 7f464e734700 Options.max_bytes_for_level_multiplier_addtl[0]: 1
2020/10/15-19:52:14.796062 7f464e734700 Options.max_bytes_for_level_multiplier_addtl[1]: 1
2020/10/15-19:52:14.796064 7f464e734700 Options.max_bytes_for_level_multiplier_addtl[2]: 1
2020/10/15-19:52:14.796066 7f464e734700 Options.max_bytes_for_level_multiplier_addtl[3]: 1
2020/10/15-19:52:14.796068 7f464e734700 Options.max_bytes_for_level_multiplier_addtl[4]: 1
2020/10/15-19:52:14.796070 7f464e734700 Options.max_bytes_for_level_multiplier_addtl[5]: 1
2020/10/15-19:52:14.796071 7f464e734700 Options.max_bytes_for_level_multiplier_addtl[6]: 1
2020/10/15-19:52:14.796073 7f464e734700       Options.max_sequential_skip_in_iterations: 8
2020/10/15-19:52:14.796075 7f464e734700                    Options.max_compaction_bytes: 1677721600
2020/10/15-19:52:14.796077 7f464e734700                        Options.arena_block_size: 524288
2020/10/15-19:52:14.796079 7f464e734700   Options.soft_pending_compaction_bytes_limit: 68719476736
2020/10/15-19:52:14.796081 7f464e734700   Options.hard_pending_compaction_bytes_limit: 274877906944
2020/10/15-19:52:14.796082 7f464e734700       Options.rate_limit_delay_max_milliseconds: 100
2020/10/15-19:52:14.796084 7f464e734700                Options.disable_auto_compactions: 0
2020/10/15-19:52:14.796086 7f464e734700                        Options.compaction_style: kCompactionStyleLevel
2020/10/15-19:52:14.796088 7f464e734700                          Options.compaction_pri: kMinOverlappingRatio
2020/10/15-19:52:14.796090 7f464e734700 Options.compaction_options_universal.size_ratio: 1
2020/10/15-19:52:14.796092 7f464e734700 Options.compaction_options_universal.min_merge_width: 2
2020/10/15-19:52:14.796093 7f464e734700 Options.compaction_options_universal.max_merge_width: 4294967295
2020/10/15-19:52:14.796095 7f464e734700 Options.compaction_options_universal.max_size_amplification_percent: 200
2020/10/15-19:52:14.796097 7f464e734700 Options.compaction_options_universal.compression_size_percent: -1
2020/10/15-19:52:14.796099 7f464e734700 Options.compaction_options_universal.stop_style: kCompactionStopStyleTotalSize
2020/10/15-19:52:14.796101 7f464e734700 Options.compaction_options_fifo.max_table_files_size: 1073741824
2020/10/15-19:52:14.796103 7f464e734700 Options.compaction_options_fifo.allow_compaction: 0
2020/10/15-19:52:14.796116 7f464e734700                   Options.table_properties_collectors: 
2020/10/15-19:52:14.796119 7f464e734700                   Options.inplace_update_support: 0
2020/10/15-19:52:14.796120 7f464e734700                 Options.inplace_update_num_locks: 10000
2020/10/15-19:52:14.796122 7f464e734700               Options.memtable_prefix_bloom_size_ratio: 0.000000
2020/10/15-19:52:14.796124 7f464e734700               Options.memtable_whole_key_filtering: 0
2020/10/15-19:52:14.796126 7f464e734700   Options.memtable_huge_page_size: 0
2020/10/15-19:52:14.796128 7f464e734700                           Options.bloom_locality: 0
2020/10/15-19:52:14.796130 7f464e734700                    Options.max_successive_merges: 0
2020/10/15-19:52:14.796131 7f464e734700                Options.optimize_filters_for_hits: 0
2020/10/15-19:52:14.796133 7f464e734700                Options.paranoid_file_checks: 0
2020/10/15-19:52:14.796135 7f464e734700                Options.force_consistency_checks: 0
2020/10/15-19:52:14.796137 7f464e734700                Options.report_bg_io_stats: 0
2020/10/15-19:52:14.796138 7f464e734700                               Options.ttl: 2592000
2020/10/15-19:52:14.796140 7f464e734700          Options.periodic_compaction_seconds: 0
2020/10/15-19:52:14.796196 7f464e734700 [db/column_family.cc:579] --------------- Options for column family [col2]:
2020/10/15-19:52:14.796199 7f464e734700               Options.comparator: leveldb.BytewiseComparator
2020/10/15-19:52:14.796201 7f464e734700           Options.merge_operator: None
2020/10/15-19:52:14.796202 7f464e734700        Options.compaction_filter: None
2020/10/15-19:52:14.796204 7f464e734700        Options.compaction_filter_factory: None
2020/10/15-19:52:14.796206 7f464e734700         Options.memtable_factory: SkipListFactory
2020/10/15-19:52:14.796208 7f464e734700            Options.table_factory: BlockBasedTable
2020/10/15-19:52:14.796244 7f464e734700            table_factory options:   flush_block_policy_factory: FlushBlockBySizePolicyFactory (0x55b4227daf50)
  cache_index_and_filter_blocks: 1
  cache_index_and_filter_blocks_with_high_priority: 1
  pin_l0_filter_and_index_blocks_in_cache: 1
  pin_top_level_index_and_filter: 1
  index_type: 0
  data_block_index_type: 0
  index_shortening: 1
  data_block_hash_table_util_ratio: 0.750000
  hash_index_allow_collision: 1
  checksum: 1
  no_block_cache: 0
  block_cache: 0x55b4227d3250
  block_cache_name: LRUCache
  block_cache_options:
    capacity : 134217728
    num_shard_bits : 6
    strict_capacity_limit : 0
    memory_allocator : None
    high_pri_pool_ratio: 0.500
  block_cache_compressed: (nil)
  persistent_cache: (nil)
  block_size: 16384
  block_size_deviation: 10
  block_restart_interval: 16
  index_block_restart_interval: 1
  metadata_block_size: 4096
  partition_filters: 0
  use_delta_encoding: 1
  filter_policy: rocksdb.BuiltinBloomFilter
  whole_key_filtering: 1
  verify_compression: 0
  read_amp_bytes_per_bit: 0
  format_version: 4
  enable_index_compression: 1
  block_align: 0
2020/10/15-19:52:14.796256 7f464e734700        Options.write_buffer_size: 4194304
2020/10/15-19:52:14.796258 7f464e734700  Options.max_write_buffer_number: 6
2020/10/15-19:52:14.796260 7f464e734700          Options.compression: Snappy
2020/10/15-19:52:14.796261 7f464e734700                  Options.bottommost_compression: Disabled
2020/10/15-19:52:14.796263 7f464e734700       Options.prefix_extractor: nullptr
2020/10/15-19:52:14.796265 7f464e734700   Options.memtable_insert_with_hint_prefix_extractor: nullptr
2020/10/15-19:52:14.796267 7f464e734700             Options.num_levels: 7
2020/10/15-19:52:14.796268 7f464e734700        Options.min_write_buffer_number_to_merge: 2
2020/10/15-19:52:14.796270 7f464e734700     Options.max_write_buffer_number_to_maintain: 0
2020/10/15-19:52:14.796272 7f464e734700     Options.max_write_buffer_size_to_maintain: 0
2020/10/15-19:52:14.796274 7f464e734700            Options.bottommost_compression_opts.window_bits: -14
2020/10/15-19:52:14.796275 7f464e734700                  Options.bottommost_compression_opts.level: 32767
2020/10/15-19:52:14.796289 7f464e734700               Options.bottommost_compression_opts.strategy: 0
2020/10/15-19:52:14.796291 7f464e734700         Options.bottommost_compression_opts.max_dict_bytes: 0
2020/10/15-19:52:14.796293 7f464e734700         Options.bottommost_compression_opts.zstd_max_train_bytes: 0
2020/10/15-19:52:14.796294 7f464e734700         Options.bottommost_compression_opts.parallel_threads: 1
2020/10/15-19:52:14.796296 7f464e734700                  Options.bottommost_compression_opts.enabled: false
2020/10/15-19:52:14.796298 7f464e734700            Options.compression_opts.window_bits: -14
2020/10/15-19:52:14.796300 7f464e734700                  Options.compression_opts.level: 32767
2020/10/15-19:52:14.796302 7f464e734700               Options.compression_opts.strategy: 0
2020/10/15-19:52:14.796303 7f464e734700         Options.compression_opts.max_dict_bytes: 0
2020/10/15-19:52:14.796305 7f464e734700         Options.compression_opts.zstd_max_train_bytes: 0
2020/10/15-19:52:14.796307 7f464e734700         Options.compression_opts.parallel_threads: 1
2020/10/15-19:52:14.796309 7f464e734700                  Options.compression_opts.enabled: false
2020/10/15-19:52:14.796310 7f464e734700      Options.level0_file_num_compaction_trigger: 2
2020/10/15-19:52:14.796312 7f464e734700          Options.level0_slowdown_writes_trigger: 20
2020/10/15-19:52:14.796314 7f464e734700              Options.level0_stop_writes_trigger: 36
2020/10/15-19:52:14.796316 7f464e734700                   Options.target_file_size_base: 67108864
2020/10/15-19:52:14.796318 7f464e734700             Options.target_file_size_multiplier: 1
2020/10/15-19:52:14.796319 7f464e734700                Options.max_bytes_for_level_base: 16777216
2020/10/15-19:52:14.796321 7f464e734700 Options.level_compaction_dynamic_level_bytes: 1
2020/10/15-19:52:14.796323 7f464e734700          Options.max_bytes_for_level_multiplier: 10.000000
2020/10/15-19:52:14.796326 7f464e734700 Options.max_bytes_for_level_multiplier_addtl[0]: 1
2020/10/15-19:52:14.796328 7f464e734700 Options.max_bytes_for_level_multiplier_addtl[1]: 1
2020/10/15-19:52:14.796330 7f464e734700 Options.max_bytes_for_level_multiplier_addtl[2]: 1
2020/10/15-19:52:14.796332 7f464e734700 Options.max_bytes_for_level_multiplier_addtl[3]: 1
2020/10/15-19:52:14.796334 7f464e734700 Options.max_bytes_for_level_multiplier_addtl[4]: 1
2020/10/15-19:52:14.796335 7f464e734700 Options.max_bytes_for_level_multiplier_addtl[5]: 1
2020/10/15-19:52:14.796337 7f464e734700 Options.max_bytes_for_level_multiplier_addtl[6]: 1
2020/10/15-19:52:14.796339 7f464e734700       Options.max_sequential_skip_in_iterations: 8
2020/10/15-19:52:14.796341 7f464e734700                    Options.max_compaction_bytes: 1677721600
2020/10/15-19:52:14.796343 7f464e734700                        Options.arena_block_size: 524288
2020/10/15-19:52:14.796345 7f464e734700   Options.soft_pending_compaction_bytes_limit: 68719476736
