2020/10/15-19:52:15.283133 7f9e2688d700 RocksDB version: 6.11.4
2020/10/15-19:52:15.283173 7f9e2688d700 Git sha rocksdb_build_git_sha:@48bfca38f6f175435052a59791922a1a453d9609@
2020/10/15-19:52:15.283176 7f9e2688d700 Compile date Oct  3 2020
2020/10/15-19:52:15.283183 7f9e2688d700 DB SUMMARY
2020/10/15-19:52:15.283234 7f9e2688d700 CURRENT file:  CURRENT
2020/10/15-19:52:15.283237 7f9e2688d700 IDENTITY file:  IDENTITY
2020/10/15-19:52:15.283243 7f9e2688d700 MANIFEST file:  MANIFEST-000109 size: 1428 Bytes
2020/10/15-19:52:15.283246 7f9e2688d700 SST files in s3/chains/DevelopmentChain/db/ed610d82ff220c8e/overlayrecent/db dir, Total Num: 8, files: 000026.sst 000027.sst 000028.sst 000029.sst 000104.sst 000105.sst 000107.sst 000108.sst 
2020/10/15-19:52:15.283249 7f9e2688d700 Write Ahead Log file in s3/chains/DevelopmentChain/db/ed610d82ff220c8e/overlayrecent/db: 000110.log size: 143 ; 
2020/10/15-19:52:15.283251 7f9e2688d700                         Options.error_if_exists: 0
2020/10/15-19:52:15.283254 7f9e2688d700                       Options.create_if_missing: 1
2020/10/15-19:52:15.283255 7f9e2688d700                         Options.paranoid_checks: 1
2020/10/15-19:52:15.283257 7f9e2688d700                                     Options.env: 0x563680e0a440
2020/10/15-19:52:15.283260 7f9e2688d700                                      Options.fs: Posix File System
2020/10/15-19:52:15.283262 7f9e2688d700                                Options.info_log: 0x5636827bb6d0
2020/10/15-19:52:15.283263 7f9e2688d700                Options.max_file_opening_threads: 16
2020/10/15-19:52:15.283265 7f9e2688d700                              Options.statistics: (nil)
2020/10/15-19:52:15.283267 7f9e2688d700                               Options.use_fsync: 0
2020/10/15-19:52:15.283269 7f9e2688d700                       Options.max_log_file_size: 0
2020/10/15-19:52:15.283271 7f9e2688d700                  Options.max_manifest_file_size: 1073741824
2020/10/15-19:52:15.283273 7f9e2688d700                   Options.log_file_time_to_roll: 0
2020/10/15-19:52:15.283275 7f9e2688d700                       Options.keep_log_file_num: 1
2020/10/15-19:52:15.283277 7f9e2688d700                    Options.recycle_log_file_num: 0
2020/10/15-19:52:15.283279 7f9e2688d700                         Options.allow_fallocate: 1
2020/10/15-19:52:15.283281 7f9e2688d700                        Options.allow_mmap_reads: 0
2020/10/15-19:52:15.283283 7f9e2688d700                       Options.allow_mmap_writes: 0
2020/10/15-19:52:15.283285 7f9e2688d700                        Options.use_direct_reads: 0
2020/10/15-19:52:15.283287 7f9e2688d700                        Options.use_direct_io_for_flush_and_compaction: 0
2020/10/15-19:52:15.283289 7f9e2688d700          Options.create_missing_column_families: 0
2020/10/15-19:52:15.283290 7f9e2688d700                              Options.db_log_dir: 
2020/10/15-19:52:15.283292 7f9e2688d700                                 Options.wal_dir: s3/chains/DevelopmentChain/db/ed610d82ff220c8e/overlayrecent/db
2020/10/15-19:52:15.283294 7f9e2688d700                Options.table_cache_numshardbits: 6
2020/10/15-19:52:15.283296 7f9e2688d700                      Options.max_subcompactions: 1
2020/10/15-19:52:15.283298 7f9e2688d700                         Options.WAL_ttl_seconds: 0
2020/10/15-19:52:15.283300 7f9e2688d700                       Options.WAL_size_limit_MB: 0
2020/10/15-19:52:15.283302 7f9e2688d700                        Options.max_write_batch_group_size_bytes: 1048576
2020/10/15-19:52:15.283304 7f9e2688d700             Options.manifest_preallocation_size: 4194304
2020/10/15-19:52:15.283306 7f9e2688d700                     Options.is_fd_close_on_exec: 1
2020/10/15-19:52:15.283307 7f9e2688d700                   Options.advise_random_on_open: 1
2020/10/15-19:52:15.283309 7f9e2688d700                    Options.db_write_buffer_size: 0
2020/10/15-19:52:15.283311 7f9e2688d700                    Options.write_buffer_manager: 0x5636827b9b50
2020/10/15-19:52:15.283313 7f9e2688d700         Options.access_hint_on_compaction_start: 1
2020/10/15-19:52:15.283315 7f9e2688d700  Options.new_table_reader_for_compaction_inputs: 0
2020/10/15-19:52:15.283349 7f9e2688d700           Options.random_access_max_buffer_size: 1048576
2020/10/15-19:52:15.283352 7f9e2688d700                      Options.use_adaptive_mutex: 0
2020/10/15-19:52:15.283354 7f9e2688d700                            Options.rate_limiter: (nil)
2020/10/15-19:52:15.283356 7f9e2688d700     Options.sst_file_manager.rate_bytes_per_sec: 0
2020/10/15-19:52:15.283358 7f9e2688d700                       Options.wal_recovery_mode: 2
2020/10/15-19:52:15.283360 7f9e2688d700                  Options.enable_thread_tracking: 0
2020/10/15-19:52:15.283362 7f9e2688d700                  Options.enable_pipelined_write: 0
2020/10/15-19:52:15.283364 7f9e2688d700                  Options.unordered_write: 0
2020/10/15-19:52:15.283365 7f9e2688d700         Options.allow_concurrent_memtable_write: 1
2020/10/15-19:52:15.283367 7f9e2688d700      Options.enable_write_thread_adaptive_yield: 1
2020/10/15-19:52:15.283369 7f9e2688d700             Options.write_thread_max_yield_usec: 100
2020/10/15-19:52:15.283371 7f9e2688d700            Options.write_thread_slow_yield_usec: 3
2020/10/15-19:52:15.283373 7f9e2688d700                               Options.row_cache: None
2020/10/15-19:52:15.283375 7f9e2688d700                              Options.wal_filter: None
2020/10/15-19:52:15.283377 7f9e2688d700             Options.avoid_flush_during_recovery: 0
2020/10/15-19:52:15.283379 7f9e2688d700             Options.allow_ingest_behind: 0
2020/10/15-19:52:15.283381 7f9e2688d700             Options.preserve_deletes: 0
2020/10/15-19:52:15.283382 7f9e2688d700             Options.two_write_queues: 0
2020/10/15-19:52:15.283384 7f9e2688d700             Options.manual_wal_flush: 0
2020/10/15-19:52:15.283386 7f9e2688d700             Options.atomic_flush: 0
2020/10/15-19:52:15.283388 7f9e2688d700             Options.avoid_unnecessary_blocking_io: 0
2020/10/15-19:52:15.283390 7f9e2688d700                 Options.persist_stats_to_disk: 0
2020/10/15-19:52:15.283392 7f9e2688d700                 Options.write_dbid_to_manifest: 0
2020/10/15-19:52:15.283394 7f9e2688d700                 Options.log_readahead_size: 0
2020/10/15-19:52:15.283395 7f9e2688d700                 Options.file_checksum_gen_factory: Unknown
2020/10/15-19:52:15.283397 7f9e2688d700                 Options.best_efforts_recovery: 0
2020/10/15-19:52:15.283399 7f9e2688d700             Options.max_background_jobs: 2
2020/10/15-19:52:15.283401 7f9e2688d700             Options.max_background_compactions: -1
2020/10/15-19:52:15.283403 7f9e2688d700             Options.avoid_flush_during_shutdown: 0
2020/10/15-19:52:15.283405 7f9e2688d700           Options.writable_file_max_buffer_size: 1048576
2020/10/15-19:52:15.283407 7f9e2688d700             Options.delayed_write_rate : 16777216
2020/10/15-19:52:15.283409 7f9e2688d700             Options.max_total_wal_size: 0
2020/10/15-19:52:15.283411 7f9e2688d700             Options.delete_obsolete_files_period_micros: 21600000000
2020/10/15-19:52:15.283413 7f9e2688d700                   Options.stats_dump_period_sec: 600
2020/10/15-19:52:15.283415 7f9e2688d700                 Options.stats_persist_period_sec: 600
2020/10/15-19:52:15.283417 7f9e2688d700                 Options.stats_history_buffer_size: 1048576
2020/10/15-19:52:15.283419 7f9e2688d700                          Options.max_open_files: 512
2020/10/15-19:52:15.283420 7f9e2688d700                          Options.bytes_per_sync: 1048576
2020/10/15-19:52:15.283422 7f9e2688d700                      Options.wal_bytes_per_sync: 0
2020/10/15-19:52:15.283424 7f9e2688d700                   Options.strict_bytes_per_sync: 0
2020/10/15-19:52:15.283426 7f9e2688d700       Options.compaction_readahead_size: 0
2020/10/15-19:52:15.283428 7f9e2688d700                  Options.max_background_flushes: -1
2020/10/15-19:52:15.283430 7f9e2688d700 Compression algorithms supported:
2020/10/15-19:52:15.283432 7f9e2688d700 	kZSTDNotFinalCompression supported: 0
2020/10/15-19:52:15.283434 7f9e2688d700 	kZSTD supported: 0
2020/10/15-19:52:15.283436 7f9e2688d700 	kXpressCompression supported: 0
2020/10/15-19:52:15.283438 7f9e2688d700 	kLZ4HCCompression supported: 0
2020/10/15-19:52:15.283450 7f9e2688d700 	kLZ4Compression supported: 0
2020/10/15-19:52:15.283452 7f9e2688d700 	kBZip2Compression supported: 0
2020/10/15-19:52:15.283454 7f9e2688d700 	kZlibCompression supported: 0
2020/10/15-19:52:15.283456 7f9e2688d700 	kSnappyCompression supported: 1
2020/10/15-19:52:15.283460 7f9e2688d700 Fast CRC32 supported: Supported on x86
2020/10/15-19:52:15.283576 7f9e2688d700 [db/version_set.cc:4555] Recovering from manifest file: s3/chains/DevelopmentChain/db/ed610d82ff220c8e/overlayrecent/db/MANIFEST-000109
2020/10/15-19:52:15.283735 7f9e2688d700 [db/column_family.cc:579] --------------- Options for column family [default]:
2020/10/15-19:52:15.283738 7f9e2688d700               Options.comparator: leveldb.BytewiseComparator
2020/10/15-19:52:15.283741 7f9e2688d700           Options.merge_operator: None
2020/10/15-19:52:15.283742 7f9e2688d700        Options.compaction_filter: None
2020/10/15-19:52:15.283744 7f9e2688d700        Options.compaction_filter_factory: None
2020/10/15-19:52:15.283746 7f9e2688d700         Options.memtable_factory: SkipListFactory
2020/10/15-19:52:15.283748 7f9e2688d700            Options.table_factory: BlockBasedTable
2020/10/15-19:52:15.283801 7f9e2688d700            table_factory options:   flush_block_policy_factory: FlushBlockBySizePolicyFactory (0x5636827b9b10)
  cache_index_and_filter_blocks: 0
  cache_index_and_filter_blocks_with_high_priority: 1
  pin_l0_filter_and_index_blocks_in_cache: 0
  pin_top_level_index_and_filter: 1
  index_type: 0
  data_block_index_type: 0
  index_shortening: 1
  data_block_hash_table_util_ratio: 0.750000
  hash_index_allow_collision: 1
  checksum: 1
  no_block_cache: 0
  block_cache: 0x5636827b8830
  block_cache_name: LRUCache
  block_cache_options:
    capacity : 8388608
    num_shard_bits : 4
    strict_capacity_limit : 0
    memory_allocator : None
    high_pri_pool_ratio: 0.000
  block_cache_compressed: (nil)
  persistent_cache: (nil)
  block_size: 4096
  block_size_deviation: 10
  block_restart_interval: 16
  index_block_restart_interval: 1
  metadata_block_size: 4096
  partition_filters: 0
  use_delta_encoding: 1
  filter_policy: nullptr
  whole_key_filtering: 1
  verify_compression: 0
  read_amp_bytes_per_bit: 0
  format_version: 4
  enable_index_compression: 1
  block_align: 0
2020/10/15-19:52:15.283807 7f9e2688d700        Options.write_buffer_size: 67108864
2020/10/15-19:52:15.283809 7f9e2688d700  Options.max_write_buffer_number: 2
2020/10/15-19:52:15.283811 7f9e2688d700          Options.compression: Snappy
2020/10/15-19:52:15.283813 7f9e2688d700                  Options.bottommost_compression: Disabled
2020/10/15-19:52:15.283815 7f9e2688d700       Options.prefix_extractor: nullptr
2020/10/15-19:52:15.283817 7f9e2688d700   Options.memtable_insert_with_hint_prefix_extractor: nullptr
2020/10/15-19:52:15.283818 7f9e2688d700             Options.num_levels: 7
2020/10/15-19:52:15.283820 7f9e2688d700        Options.min_write_buffer_number_to_merge: 1
2020/10/15-19:52:15.283822 7f9e2688d700     Options.max_write_buffer_number_to_maintain: 0
2020/10/15-19:52:15.283824 7f9e2688d700     Options.max_write_buffer_size_to_maintain: 0
2020/10/15-19:52:15.283826 7f9e2688d700            Options.bottommost_compression_opts.window_bits: -14
2020/10/15-19:52:15.283828 7f9e2688d700                  Options.bottommost_compression_opts.level: 32767
2020/10/15-19:52:15.283830 7f9e2688d700               Options.bottommost_compression_opts.strategy: 0
2020/10/15-19:52:15.283832 7f9e2688d700         Options.bottommost_compression_opts.max_dict_bytes: 0
2020/10/15-19:52:15.283834 7f9e2688d700         Options.bottommost_compression_opts.zstd_max_train_bytes: 0
2020/10/15-19:52:15.283835 7f9e2688d700         Options.bottommost_compression_opts.parallel_threads: 1
2020/10/15-19:52:15.283837 7f9e2688d700                  Options.bottommost_compression_opts.enabled: false
2020/10/15-19:52:15.283840 7f9e2688d700            Options.compression_opts.window_bits: -14
2020/10/15-19:52:15.283841 7f9e2688d700                  Options.compression_opts.level: 32767
2020/10/15-19:52:15.283857 7f9e2688d700               Options.compression_opts.strategy: 0
2020/10/15-19:52:15.283860 7f9e2688d700         Options.compression_opts.max_dict_bytes: 0
2020/10/15-19:52:15.283861 7f9e2688d700         Options.compression_opts.zstd_max_train_bytes: 0
2020/10/15-19:52:15.283863 7f9e2688d700         Options.compression_opts.parallel_threads: 1
2020/10/15-19:52:15.283865 7f9e2688d700                  Options.compression_opts.enabled: false
2020/10/15-19:52:15.283867 7f9e2688d700      Options.level0_file_num_compaction_trigger: 4
2020/10/15-19:52:15.283869 7f9e2688d700          Options.level0_slowdown_writes_trigger: 20
2020/10/15-19:52:15.283871 7f9e2688d700              Options.level0_stop_writes_trigger: 36
2020/10/15-19:52:15.283873 7f9e2688d700                   Options.target_file_size_base: 67108864
2020/10/15-19:52:15.283875 7f9e2688d700             Options.target_file_size_multiplier: 1
2020/10/15-19:52:15.283876 7f9e2688d700                Options.max_bytes_for_level_base: 268435456
2020/10/15-19:52:15.283878 7f9e2688d700 Options.level_compaction_dynamic_level_bytes: 0
2020/10/15-19:52:15.283880 7f9e2688d700          Options.max_bytes_for_level_multiplier: 10.000000
2020/10/15-19:52:15.283884 7f9e2688d700 Options.max_bytes_for_level_multiplier_addtl[0]: 1
2020/10/15-19:52:15.283886 7f9e2688d700 Options.max_bytes_for_level_multiplier_addtl[1]: 1
2020/10/15-19:52:15.283888 7f9e2688d700 Options.max_bytes_for_level_multiplier_addtl[2]: 1
2020/10/15-19:52:15.283890 7f9e2688d700 Options.max_bytes_for_level_multiplier_addtl[3]: 1
2020/10/15-19:52:15.283892 7f9e2688d700 Options.max_bytes_for_level_multiplier_addtl[4]: 1
2020/10/15-19:52:15.283894 7f9e2688d700 Options.max_bytes_for_level_multiplier_addtl[5]: 1
2020/10/15-19:52:15.283896 7f9e2688d700 Options.max_bytes_for_level_multiplier_addtl[6]: 1
2020/10/15-19:52:15.283898 7f9e2688d700       Options.max_sequential_skip_in_iterations: 8
2020/10/15-19:52:15.283900 7f9e2688d700                    Options.max_compaction_bytes: 1677721600
2020/10/15-19:52:15.283902 7f9e2688d700                        Options.arena_block_size: 8388608
2020/10/15-19:52:15.283904 7f9e2688d700   Options.soft_pending_compaction_bytes_limit: 68719476736
2020/10/15-19:52:15.283906 7f9e2688d700   Options.hard_pending_compaction_bytes_limit: 274877906944
2020/10/15-19:52:15.283908 7f9e2688d700       Options.rate_limit_delay_max_milliseconds: 100
2020/10/15-19:52:15.283909 7f9e2688d700                Options.disable_auto_compactions: 0
2020/10/15-19:52:15.283912 7f9e2688d700                        Options.compaction_style: kCompactionStyleLevel
2020/10/15-19:52:15.283914 7f9e2688d700                          Options.compaction_pri: kMinOverlappingRatio
2020/10/15-19:52:15.283916 7f9e2688d700 Options.compaction_options_universal.size_ratio: 1
2020/10/15-19:52:15.283918 7f9e2688d700 Options.compaction_options_universal.min_merge_width: 2
2020/10/15-19:52:15.283920 7f9e2688d700 Options.compaction_options_universal.max_merge_width: 4294967295
2020/10/15-19:52:15.283922 7f9e2688d700 Options.compaction_options_universal.max_size_amplification_percent: 200
2020/10/15-19:52:15.283923 7f9e2688d700 Options.compaction_options_universal.compression_size_percent: -1
2020/10/15-19:52:15.283926 7f9e2688d700 Options.compaction_options_universal.stop_style: kCompactionStopStyleTotalSize
2020/10/15-19:52:15.283928 7f9e2688d700 Options.compaction_options_fifo.max_table_files_size: 1073741824
2020/10/15-19:52:15.283930 7f9e2688d700 Options.compaction_options_fifo.allow_compaction: 0
2020/10/15-19:52:15.283935 7f9e2688d700                   Options.table_properties_collectors: 
2020/10/15-19:52:15.283937 7f9e2688d700                   Options.inplace_update_support: 0
2020/10/15-19:52:15.283939 7f9e2688d700                 Options.inplace_update_num_locks: 10000
2020/10/15-19:52:15.283941 7f9e2688d700               Options.memtable_prefix_bloom_size_ratio: 0.000000
2020/10/15-19:52:15.283944 7f9e2688d700               Options.memtable_whole_key_filtering: 0
2020/10/15-19:52:15.283954 7f9e2688d700   Options.memtable_huge_page_size: 0
2020/10/15-19:52:15.283956 7f9e2688d700                           Options.bloom_locality: 0
2020/10/15-19:52:15.283958 7f9e2688d700                    Options.max_successive_merges: 0
2020/10/15-19:52:15.283960 7f9e2688d700                Options.optimize_filters_for_hits: 0
2020/10/15-19:52:15.283962 7f9e2688d700                Options.paranoid_file_checks: 0
2020/10/15-19:52:15.283964 7f9e2688d700                Options.force_consistency_checks: 0
2020/10/15-19:52:15.283966 7f9e2688d700                Options.report_bg_io_stats: 0
2020/10/15-19:52:15.283968 7f9e2688d700                               Options.ttl: 2592000
2020/10/15-19:52:15.283970 7f9e2688d700          Options.periodic_compaction_seconds: 0
2020/10/15-19:52:15.284049 7f9e2688d700 [db/column_family.cc:579] --------------- Options for column family [col0]:
2020/10/15-19:52:15.284052 7f9e2688d700               Options.comparator: leveldb.BytewiseComparator
2020/10/15-19:52:15.284054 7f9e2688d700           Options.merge_operator: None
2020/10/15-19:52:15.284056 7f9e2688d700        Options.compaction_filter: None
2020/10/15-19:52:15.284058 7f9e2688d700        Options.compaction_filter_factory: None
2020/10/15-19:52:15.284060 7f9e2688d700         Options.memtable_factory: SkipListFactory
2020/10/15-19:52:15.284062 7f9e2688d700            Options.table_factory: BlockBasedTable
2020/10/15-19:52:15.284097 7f9e2688d700            table_factory options:   flush_block_policy_factory: FlushBlockBySizePolicyFactory (0x5636827b6ba0)
  cache_index_and_filter_blocks: 1
  cache_index_and_filter_blocks_with_high_priority: 1
  pin_l0_filter_and_index_blocks_in_cache: 1
  pin_top_level_index_and_filter: 1
  index_type: 0
  data_block_index_type: 0
  index_shortening: 1
  data_block_hash_table_util_ratio: 0.750000
  hash_index_allow_collision: 1
  checksum: 1
  no_block_cache: 0
  block_cache: 0x5636827ae250
  block_cache_name: LRUCache
  block_cache_options:
    capacity : 134217728
    num_shard_bits : 6
    strict_capacity_limit : 0
    memory_allocator : None
    high_pri_pool_ratio: 0.500
  block_cache_compressed: (nil)
  persistent_cache: (nil)
  block_size: 16384
  block_size_deviation: 10
  block_restart_interval: 16
  index_block_restart_interval: 1
  metadata_block_size: 4096
  partition_filters: 0
  use_delta_encoding: 1
  filter_policy: rocksdb.BuiltinBloomFilter
  whole_key_filtering: 1
  verify_compression: 0
  read_amp_bytes_per_bit: 0
  format_version: 4
  enable_index_compression: 1
  block_align: 0
2020/10/15-19:52:15.284109 7f9e2688d700        Options.write_buffer_size: 67108864
2020/10/15-19:52:15.284111 7f9e2688d700  Options.max_write_buffer_number: 6
2020/10/15-19:52:15.284113 7f9e2688d700          Options.compression: Snappy
2020/10/15-19:52:15.284115 7f9e2688d700                  Options.bottommost_compression: Disabled
2020/10/15-19:52:15.284117 7f9e2688d700       Options.prefix_extractor: nullptr
2020/10/15-19:52:15.284119 7f9e2688d700   Options.memtable_insert_with_hint_prefix_extractor: nullptr
2020/10/15-19:52:15.284121 7f9e2688d700             Options.num_levels: 7
2020/10/15-19:52:15.284123 7f9e2688d700        Options.min_write_buffer_number_to_merge: 2
2020/10/15-19:52:15.284125 7f9e2688d700     Options.max_write_buffer_number_to_maintain: 0
2020/10/15-19:52:15.284126 7f9e2688d700     Options.max_write_buffer_size_to_maintain: 0
2020/10/15-19:52:15.284128 7f9e2688d700            Options.bottommost_compression_opts.window_bits: -14
2020/10/15-19:52:15.284130 7f9e2688d700                  Options.bottommost_compression_opts.level: 32767
2020/10/15-19:52:15.284132 7f9e2688d700               Options.bottommost_compression_opts.strategy: 0
2020/10/15-19:52:15.284134 7f9e2688d700         Options.bottommost_compression_opts.max_dict_bytes: 0
2020/10/15-19:52:15.284136 7f9e2688d700         Options.bottommost_compression_opts.zstd_max_train_bytes: 0
2020/10/15-19:52:15.284138 7f9e2688d700         Options.bottommost_compression_opts.parallel_threads: 1
2020/10/15-19:52:15.284151 7f9e2688d700                  Options.bottommost_compression_opts.enabled: false
2020/10/15-19:52:15.284153 7f9e2688d700            Options.compression_opts.window_bits: -14
2020/10/15-19:52:15.284155 7f9e2688d700                  Options.compression_opts.level: 32767
2020/10/15-19:52:15.284157 7f9e2688d700               Options.compression_opts.strategy: 0
2020/10/15-19:52:15.284159 7f9e2688d700         Options.compression_opts.max_dict_bytes: 0
2020/10/15-19:52:15.284161 7f9e2688d700         Options.compression_opts.zstd_max_train_bytes: 0
2020/10/15-19:52:15.284163 7f9e2688d700         Options.compression_opts.parallel_threads: 1
2020/10/15-19:52:15.284165 7f9e2688d700                  Options.compression_opts.enabled: false
2020/10/15-19:52:15.284167 7f9e2688d700      Options.level0_file_num_compaction_trigger: 2
2020/10/15-19:52:15.284168 7f9e2688d700          Options.level0_slowdown_writes_trigger: 20
2020/10/15-19:52:15.284170 7f9e2688d700              Options.level0_stop_writes_trigger: 36
2020/10/15-19:52:15.284172 7f9e2688d700                   Options.target_file_size_base: 67108864
2020/10/15-19:52:15.284174 7f9e2688d700             Options.target_file_size_multiplier: 1
2020/10/15-19:52:15.284176 7f9e2688d700                Options.max_bytes_for_level_base: 268435456
2020/10/15-19:52:15.284178 7f9e2688d700 Options.level_compaction_dynamic_level_bytes: 1
2020/10/15-19:52:15.284180 7f9e2688d700          Options.max_bytes_for_level_multiplier: 10.000000
2020/10/15-19:52:15.284183 7f9e2688d700 Options.max_bytes_for_level_multiplier_addtl[0]: 1
2020/10/15-19:52:15.284185 7f9e2688d700 Options.max_bytes_for_level_multiplier_addtl[1]: 1
2020/10/15-19:52:15.284187 7f9e2688d700 Options.max_bytes_for_level_multiplier_addtl[2]: 1
2020/10/15-19:52:15.284189 7f9e2688d700 Options.max_bytes_for_level_multiplier_addtl[3]: 1
2020/10/15-19:52:15.284191 7f9e2688d700 Options.max_bytes_for_level_multiplier_addtl[4]: 1
2020/10/15-19:52:15.284193 7f9e2688d700 Options.max_bytes_for_level_multiplier_addtl[5]: 1
2020/10/15-19:52:15.284194 7f9e2688d700 Options.max_bytes_for_level_multiplier_addtl[6]: 1
2020/10/15-19:52:15.284196 7f9e2688d700       Options.max_sequential_skip_in_iterations: 8
2020/10/15-19:52:15.284198 7f9e2688d700                    Options.max_compaction_bytes: 1677721600
2020/10/15-19:52:15.284200 7f9e2688d700                        Options.arena_block_size: 8388608
2020/10/15-19:52:15.284202 7f9e2688d700   Options.soft_pending_compaction_bytes_limit: 68719476736
2020/10/15-19:52:15.284204 7f9e2688d700   Options.hard_pending_compaction_bytes_limit: 274877906944
2020/10/15-19:52:15.284206 7f9e2688d700       Options.rate_limit_delay_max_milliseconds: 100
2020/10/15-19:52:15.284208 7f9e2688d700                Options.disable_auto_compactions: 0
2020/10/15-19:52:15.284210 7f9e2688d700                        Options.compaction_style: kCompactionStyleLevel
2020/10/15-19:52:15.284212 7f9e2688d700                          Options.compaction_pri: kMinOverlappingRatio
2020/10/15-19:52:15.284214 7f9e2688d700 Options.compaction_options_universal.size_ratio: 1
2020/10/15-19:52:15.284216 7f9e2688d700 Options.compaction_options_universal.min_merge_width: 2
2020/10/15-19:52:15.284218 7f9e2688d700 Options.compaction_options_universal.max_merge_width: 4294967295
2020/10/15-19:52:15.284219 7f9e2688d700 Options.compaction_options_universal.max_size_amplification_percent: 200
2020/10/15-19:52:15.284221 7f9e2688d700 Options.compaction_options_universal.compression_size_percent: -1
2020/10/15-19:52:15.284224 7f9e2688d700 Options.compaction_options_universal.stop_style: kCompactionStopStyleTotalSize
2020/10/15-19:52:15.284226 7f9e2688d700 Options.compaction_options_fifo.max_table_files_size: 1073741824
2020/10/15-19:52:15.284227 7f9e2688d700 Options.compaction_options_fifo.allow_compaction: 0
2020/10/15-19:52:15.284231 7f9e2688d700                   Options.table_properties_collectors: 
2020/10/15-19:52:15.284233 7f9e2688d700                   Options.inplace_update_support: 0
2020/10/15-19:52:15.284235 7f9e2688d700                 Options.inplace_update_num_locks: 10000
2020/10/15-19:52:15.284246 7f9e2688d700               Options.memtable_prefix_bloom_size_ratio: 0.000000
2020/10/15-19:52:15.284249 7f9e2688d700               Options.memtable_whole_key_filtering: 0
2020/10/15-19:52:15.284250 7f9e2688d700   Options.memtable_huge_page_size: 0
2020/10/15-19:52:15.284252 7f9e2688d700                           Options.bloom_locality: 0
2020/10/15-19:52:15.284254 7f9e2688d700                    Options.max_successive_merges: 0
2020/10/15-19:52:15.284256 7f9e2688d700                Options.optimize_filters_for_hits: 0
2020/10/15-19:52:15.284258 7f9e2688d700                Options.paranoid_file_checks: 0
2020/10/15-19:52:15.284260 7f9e2688d700                Options.force_consistency_checks: 0
2020/10/15-19:52:15.284262 7f9e2688d700                Options.report_bg_io_stats: 0
2020/10/15-19:52:15.284264 7f9e2688d700                               Options.ttl: 2592000
2020/10/15-19:52:15.284265 7f9e2688d700          Options.periodic_compaction_seconds: 0
2020/10/15-19:52:15.284321 7f9e2688d700 [db/column_family.cc:579] --------------- Options for column family [col1]:
2020/10/15-19:52:15.284324 7f9e2688d700               Options.comparator: leveldb.BytewiseComparator
2020/10/15-19:52:15.284326 7f9e2688d700           Options.merge_operator: None
2020/10/15-19:52:15.284328 7f9e2688d700        Options.compaction_filter: None
2020/10/15-19:52:15.284330 7f9e2688d700        Options.compaction_filter_factory: None
2020/10/15-19:52:15.284332 7f9e2688d700         Options.memtable_factory: SkipListFactory
2020/10/15-19:52:15.284334 7f9e2688d700            Options.table_factory: BlockBasedTable
2020/10/15-19:52:15.284366 7f9e2688d700            table_factory options:   flush_block_policy_factory: FlushBlockBySizePolicyFactory (0x5636827b5740)
  cache_index_and_filter_blocks: 1
  cache_index_and_filter_blocks_with_high_priority: 1
  pin_l0_filter_and_index_blocks_in_cache: 1
  pin_top_level_index_and_filter: 1
  index_type: 0
  data_block_index_type: 0
  index_shortening: 1
  data_block_hash_table_util_ratio: 0.750000
  hash_index_allow_collision: 1
  checksum: 1
  no_block_cache: 0
  block_cache: 0x5636827ae250
  block_cache_name: LRUCache
  block_cache_options:
    capacity : 134217728
    num_shard_bits : 6
    strict_capacity_limit : 0
    memory_allocator : None
    high_pri_pool_ratio: 0.500
  block_cache_compressed: (nil)
  persistent_cache: (nil)
  block_size: 16384
  block_size_deviation: 10
  block_restart_interval: 16
  index_block_restart_interval: 1
  metadata_block_size: 4096
  partition_filters: 0
  use_delta_encoding: 1
  filter_policy: rocksdb.BuiltinBloomFilter
  whole_key_filtering: 1
  verify_compression: 0
  read_amp_bytes_per_bit: 0
  format_version: 4
  enable_index_compression: 1
  block_align: 0
2020/10/15-19:52:15.284368 7f9e2688d700        Options.write_buffer_size: 4194304
2020/10/15-19:52:15.284370 7f9e2688d700  Options.max_write_buffer_number: 6
2020/10/15-19:52:15.284372 7f9e2688d700          Options.compression: Snappy
2020/10/15-19:52:15.284374 7f9e2688d700                  Options.bottommost_compression: Disabled
2020/10/15-19:52:15.284376 7f9e2688d700       Options.prefix_extractor: nullptr
2020/10/15-19:52:15.284378 7f9e2688d700   Options.memtable_insert_with_hint_prefix_extractor: nullptr
2020/10/15-19:52:15.284379 7f9e2688d700             Options.num_levels: 7
2020/10/15-19:52:15.284381 7f9e2688d700        Options.min_write_buffer_number_to_merge: 2
2020/10/15-19:52:15.284383 7f9e2688d700     Options.max_write_buffer_number_to_maintain: 0
2020/10/15-19:52:15.284385 7f9e2688d700     Options.max_write_buffer_size_to_maintain: 0
2020/10/15-19:52:15.284387 7f9e2688d700            Options.bottommost_compression_opts.window_bits: -14
2020/10/15-19:52:15.284389 7f9e2688d700                  Options.bottommost_compression_opts.level: 32767
2020/10/15-19:52:15.284391 7f9e2688d700               Options.bottommost_compression_opts.strategy: 0
2020/10/15-19:52:15.284392 7f9e2688d700         Options.bottommost_compression_opts.max_dict_bytes: 0
2020/10/15-19:52:15.284405 7f9e2688d700         Options.bottommost_compression_opts.zstd_max_train_bytes: 0
2020/10/15-19:52:15.284407 7f9e2688d700         Options.bottommost_compression_opts.parallel_threads: 1
2020/10/15-19:52:15.284409 7f9e2688d700                  Options.bottommost_compression_opts.enabled: false
2020/10/15-19:52:15.284411 7f9e2688d700            Options.compression_opts.window_bits: -14
2020/10/15-19:52:15.284413 7f9e2688d700                  Options.compression_opts.level: 32767
2020/10/15-19:52:15.284415 7f9e2688d700               Options.compression_opts.strategy: 0
2020/10/15-19:52:15.284417 7f9e2688d700         Options.compression_opts.max_dict_bytes: 0
2020/10/15-19:52:15.284419 7f9e2688d700         Options.compression_opts.zstd_max_train_bytes: 0
2020/10/15-19:52:15.284420 7f9e2688d700         Options.compression_opts.parallel_threads: 1
2020/10/15-19:52:15.284422 7f9e2688d700                  Options.compression_opts.enabled: false
2020/10/15-19:52:15.284424 7f9e2688d700      Options.level0_file_num_compaction_trigger: 2
2020/10/15-19:52:15.284426 7f9e2688d700          Options.level0_slowdown_writes_trigger: 20
2020/10/15-19:52:15.284428 7f9e2688d700              Options.level0_stop_writes_trigger: 36
2020/10/15-19:52:15.284430 7f9e2688d700                   Options.target_file_size_base: 67108864
2020/10/15-19:52:15.284432 7f9e2688d700             Options.target_file_size_multiplier: 1
2020/10/15-19:52:15.284433 7f9e2688d700                Options.max_bytes_for_level_base: 16777216
2020/10/15-19:52:15.284435 7f9e2688d700 Options.level_compaction_dynamic_level_bytes: 1
2020/10/15-19:52:15.284437 7f9e2688d700          Options.max_bytes_for_level_multiplier: 10.000000
2020/10/15-19:52:15.284440 7f9e2688d700 Options.max_bytes_for_level_multiplier_addtl[0]: 1
2020/10/15-19:52:15.284442 7f9e2688d700 Options.max_bytes_for_level_multiplier_addtl[1]: 1
2020/10/15-19:52:15.284444 7f9e2688d700 Options.max_bytes_for_level_multiplier_addtl[2]: 1
2020/10/15-19:52:15.284446 7f9e2688d700 Options.max_bytes_for_level_multiplier_addtl[3]: 1
2020/10/15-19:52:15.284448 7f9e2688d700 Options.max_bytes_for_level_multiplier_addtl[4]: 1
2020/10/15-19:52:15.284450 7f9e2688d700 Options.max_bytes_for_level_multiplier_addtl[5]: 1
2020/10/15-19:52:15.284452 7f9e2688d700 Options.max_bytes_for_level_multiplier_addtl[6]: 1
2020/10/15-19:52:15.284454 7f9e2688d700       Options.max_sequential_skip_in_iterations: 8
2020/10/15-19:52:15.284456 7f9e2688d700                    Options.max_compaction_bytes: 1677721600
2020/10/15-19:52:15.284458 7f9e2688d700                        Options.arena_block_size: 524288
2020/10/15-19:52:15.284459 7f9e2688d700   Options.soft_pending_compaction_bytes_limit: 68719476736
2020/10/15-19:52:15.284461 7f9e2688d700   Options.hard_pending_compaction_bytes_limit: 274877906944
2020/10/15-19:52:15.284463 7f9e2688d700       Options.rate_limit_delay_max_milliseconds: 100
2020/10/15-19:52:15.284465 7f9e2688d700                Options.disable_auto_compactions: 0
2020/10/15-19:52:15.284467 7f9e2688d700                        Options.compaction_style: kCompactionStyleLevel
2020/10/15-19:52:15.284469 7f9e2688d700                          Options.compaction_pri: kMinOverlappingRatio
2020/10/15-19:52:15.284471 7f9e2688d700 Options.compaction_options_universal.size_ratio: 1
2020/10/15-19:52:15.284473 7f9e2688d700 Options.compaction_options_universal.min_merge_width: 2
2020/10/15-19:52:15.284475 7f9e2688d700 Options.compaction_options_universal.max_merge_width: 4294967295
2020/10/15-19:52:15.284477 7f9e2688d700 Options.compaction_options_universal.max_size_amplification_percent: 200
2020/10/15-19:52:15.284479 7f9e2688d700 Options.compaction_options_universal.compression_size_percent: -1
2020/10/15-19:52:15.284481 7f9e2688d700 Options.compaction_options_universal.stop_style: kCompactionStopStyleTotalSize
2020/10/15-19:52:15.284483 7f9e2688d700 Options.compaction_options_fifo.max_table_files_size: 1073741824
2020/10/15-19:52:15.284485 7f9e2688d700 Options.compaction_options_fifo.allow_compaction: 0
2020/10/15-19:52:15.284497 7f9e2688d700                   Options.table_properties_collectors: 
2020/10/15-19:52:15.284499 7f9e2688d700                   Options.inplace_update_support: 0
2020/10/15-19:52:15.284501 7f9e2688d700                 Options.inplace_update_num_locks: 10000
2020/10/15-19:52:15.284503 7f9e2688d700               Options.memtable_prefix_bloom_size_ratio: 0.000000
2020/10/15-19:52:15.284505 7f9e2688d700               Options.memtable_whole_key_filtering: 0
2020/10/15-19:52:15.284507 7f9e2688d700   Options.memtable_huge_page_size: 0
2020/10/15-19:52:15.284509 7f9e2688d700                           Options.bloom_locality: 0
2020/10/15-19:52:15.284511 7f9e2688d700                    Options.max_successive_merges: 0
2020/10/15-19:52:15.284513 7f9e2688d700                Options.optimize_filters_for_hits: 0
2020/10/15-19:52:15.284514 7f9e2688d700                Options.paranoid_file_checks: 0
2020/10/15-19:52:15.284516 7f9e2688d700                Options.force_consistency_checks: 0
2020/10/15-19:52:15.284518 7f9e2688d700                Options.report_bg_io_stats: 0
2020/10/15-19:52:15.284520 7f9e2688d700                               Options.ttl: 2592000
2020/10/15-19:52:15.284522 7f9e2688d700          Options.periodic_compaction_seconds: 0
2020/10/15-19:52:15.284581 7f9e2688d700 [db/column_family.cc:579] --------------- Options for column family [col2]:
2020/10/15-19:52:15.284585 7f9e2688d700               Options.comparator: leveldb.BytewiseComparator
2020/10/15-19:52:15.284587 7f9e2688d700           Options.merge_operator: None
2020/10/15-19:52:15.284588 7f9e2688d700        Options.compaction_filter: None
2020/10/15-19:52:15.284590 7f9e2688d700        Options.compaction_filter_factory: None
2020/10/15-19:52:15.284591 7f9e2688d700         Options.memtable_factory: SkipListFactory
2020/10/15-19:52:15.284593 7f9e2688d700            Options.table_factory: BlockBasedTable
2020/10/15-19:52:15.284629 7f9e2688d700            table_factory options:   flush_block_policy_factory: FlushBlockBySizePolicyFactory (0x5636827b5f50)
  cache_index_and_filter_blocks: 1
  cache_index_and_filter_blocks_with_high_priority: 1
  pin_l0_filter_and_index_blocks_in_cache: 1
  pin_top_level_index_and_filter: 1
  index_type: 0
  data_block_index_type: 0
  index_shortening: 1
  data_block_hash_table_util_ratio: 0.750000
  hash_index_allow_collision: 1
  checksum: 1
  no_block_cache: 0
  block_cache: 0x5636827ae250
  block_cache_name: LRUCache
  block_cache_options:
    capacity : 134217728
    num_shard_bits : 6
    strict_capacity_limit : 0
    memory_allocator : None
    high_pri_pool_ratio: 0.500
  block_cache_compressed: (nil)
  persistent_cache: (nil)
  block_size: 16384
  block_size_deviation: 10
  block_restart_interval: 16
  index_block_restart_interval: 1
  metadata_block_size: 4096
  partition_filters: 0
  use_delta_encoding: 1
  filter_policy: rocksdb.BuiltinBloomFilter
  whole_key_filtering: 1
  verify_compression: 0
  read_amp_bytes_per_bit: 0
  format_version: 4
  enable_index_compression: 1
  block_align: 0
2020/10/15-19:52:15.284642 7f9e2688d700        Options.write_buffer_size: 4194304
2020/10/15-19:52:15.284644 7f9e2688d700  Options.max_write_buffer_number: 6
2020/10/15-19:52:15.284646 7f9e2688d700          Options.compression: Snappy
2020/10/15-19:52:15.284647 7f9e2688d700                  Options.bottommost_compression: Disabled
2020/10/15-19:52:15.284649 7f9e2688d700       Options.prefix_extractor: nullptr
2020/10/15-19:52:15.284650 7f9e2688d700   Options.memtable_insert_with_hint_prefix_extractor: nullptr
2020/10/15-19:52:15.284652 7f9e2688d700             Options.num_levels: 7
2020/10/15-19:52:15.284653 7f9e2688d700        Options.min_write_buffer_number_to_merge: 2
2020/10/15-19:52:15.284655 7f9e2688d700     Options.max_write_buffer_number_to_maintain: 0
2020/10/15-19:52:15.284656 7f9e2688d700     Options.max_write_buffer_size_to_maintain: 0
2020/10/15-19:52:15.284658 7f9e2688d700            Options.bottommost_compression_opts.window_bits: -14
2020/10/15-19:52:15.284659 7f9e2688d700                  Options.bottommost_compression_opts.level: 32767
2020/10/15-19:52:15.284677 7f9e2688d700               Options.bottommost_compression_opts.strategy: 0
2020/10/15-19:52:15.284679 7f9e2688d700         Options.bottommost_compression_opts.max_dict_bytes: 0
2020/10/15-19:52:15.284681 7f9e2688d700         Options.bottommost_compression_opts.zstd_max_train_bytes: 0
2020/10/15-19:52:15.284682 7f9e2688d700         Options.bottommost_compression_opts.parallel_threads: 1
2020/10/15-19:52:15.284684 7f9e2688d700                  Options.bottommost_compression_opts.enabled: false
2020/10/15-19:52:15.284686 7f9e2688d700            Options.compression_opts.window_bits: -14
2020/10/15-19:52:15.284687 7f9e2688d700                  Options.compression_opts.level: 32767
2020/10/15-19:52:15.284689 7f9e2688d700               Options.compression_opts.strategy: 0
2020/10/15-19:52:15.284691 7f9e2688d700         Options.compression_opts.max_dict_bytes: 0
2020/10/15-19:52:15.284692 7f9e2688d700         Options.compression_opts.zstd_max_train_bytes: 0
2020/10/15-19:52:15.284694 7f9e2688d700         Options.compression_opts.parallel_threads: 1
2020/10/15-19:52:15.284695 7f9e2688d700                  Options.compression_opts.enabled: false
2020/10/15-19:52:15.284697 7f9e2688d700      Options.level0_file_num_compaction_trigger: 2
2020/10/15-19:52:15.284699 7f9e2688d700          Options.level0_slowdown_writes_trigger: 20
2020/10/15-19:52:15.284700 7f9e2688d700              Options.level0_stop_writes_trigger: 36
2020/10/15-19:52:15.284702 7f9e2688d700                   Options.target_file_size_base: 67108864
2020/10/15-19:52:15.284704 7f9e2688d700             Options.target_file_size_multiplier: 1
2020/10/15-19:52:15.284705 7f9e2688d700                Options.max_bytes_for_level_base: 16777216
2020/10/15-19:52:15.284707 7f9e2688d700 Options.level_compaction_dynamic_level_bytes: 1
2020/10/15-19:52:15.284708 7f9e2688d700          Options.max_bytes_for_level_multiplier: 10.000000
2020/10/15-19:52:15.284712 7f9e2688d700 Options.max_bytes_for_level_multiplier_addtl[0]: 1
2020/10/15-19:52:15.284713 7f9e2688d700 Options.max_bytes_for_level_multiplier_addtl[1]: 1
2020/10/15-19:52:15.284715 7f9e2688d700 Options.max_bytes_for_level_multiplier_addtl[2]: 1
2020/10/15-19:52:15.284717 7f9e2688d700 Options.max_bytes_for_level_multiplier_addtl[3]: 1
2020/10/15-19:52:15.284719 7f9e2688d700 Options.max_bytes_for_level_multiplier_addtl[4]: 1
2020/10/15-19:52:15.284720 7f9e2688d700 Options.max_bytes_for_level_multiplier_addtl[5]: 1
2020/10/15-19:52:15.284722 7f9e2688d700 Options.max_bytes_for_level_multiplier_addtl[6]: 1
2020/10/15-19:52:15.284724 7f9e2688d700       Options.max_sequential_skip_in_iterations: 8
2020/10/15-19:52:15.284725 7f9e2688d700                    Options.max_compaction_bytes: 1677721600
2020/10/15-19:52:15.284727 7f9e2688d700                        Options.arena_block_size: 524288
2020/10/15-19:52:15.284729 7f9e2688d700   Options.soft_pending_compaction_bytes_limit: 68719476736
