2020/10/15-19:52:14.209496 7fa3875b3700 RocksDB version: 6.11.4
2020/10/15-19:52:14.209540 7fa3875b3700 Git sha rocksdb_build_git_sha:@48bfca38f6f175435052a59791922a1a453d9609@
2020/10/15-19:52:14.209544 7fa3875b3700 Compile date Oct  3 2020
2020/10/15-19:52:14.209552 7fa3875b3700 DB SUMMARY
2020/10/15-19:52:14.209603 7fa3875b3700 CURRENT file:  CURRENT
2020/10/15-19:52:14.209605 7fa3875b3700 IDENTITY file:  IDENTITY
2020/10/15-19:52:14.209611 7fa3875b3700 MANIFEST file:  MANIFEST-000109 size: 1428 Bytes
2020/10/15-19:52:14.209614 7fa3875b3700 SST files in s5/chains/DevelopmentChain/db/ed610d82ff220c8e/overlayrecent/db dir, Total Num: 8, files: 000026.sst 000027.sst 000028.sst 000029.sst 000104.sst 000105.sst 000107.sst 000108.sst 
2020/10/15-19:52:14.209617 7fa3875b3700 Write Ahead Log file in s5/chains/DevelopmentChain/db/ed610d82ff220c8e/overlayrecent/db: 000110.log size: 143 ; 
2020/10/15-19:52:14.209619 7fa3875b3700                         Options.error_if_exists: 0
2020/10/15-19:52:14.209621 7fa3875b3700                       Options.create_if_missing: 1
2020/10/15-19:52:14.209623 7fa3875b3700                         Options.paranoid_checks: 1
2020/10/15-19:52:14.209625 7fa3875b3700                                     Options.env: 0x5575d49ca440
2020/10/15-19:52:14.209627 7fa3875b3700                                      Options.fs: Posix File System
2020/10/15-19:52:14.209629 7fa3875b3700                                Options.info_log: 0x5575d61c96d0
2020/10/15-19:52:14.209631 7fa3875b3700                Options.max_file_opening_threads: 16
2020/10/15-19:52:14.209632 7fa3875b3700                              Options.statistics: (nil)
2020/10/15-19:52:14.209634 7fa3875b3700                               Options.use_fsync: 0
2020/10/15-19:52:14.209636 7fa3875b3700                       Options.max_log_file_size: 0
2020/10/15-19:52:14.209638 7fa3875b3700                  Options.max_manifest_file_size: 1073741824
2020/10/15-19:52:14.209640 7fa3875b3700                   Options.log_file_time_to_roll: 0
2020/10/15-19:52:14.209642 7fa3875b3700                       Options.keep_log_file_num: 1
2020/10/15-19:52:14.209643 7fa3875b3700                    Options.recycle_log_file_num: 0
2020/10/15-19:52:14.209645 7fa3875b3700                         Options.allow_fallocate: 1
2020/10/15-19:52:14.209647 7fa3875b3700                        Options.allow_mmap_reads: 0
2020/10/15-19:52:14.209648 7fa3875b3700                       Options.allow_mmap_writes: 0
2020/10/15-19:52:14.209650 7fa3875b3700                        Options.use_direct_reads: 0
2020/10/15-19:52:14.209652 7fa3875b3700                        Options.use_direct_io_for_flush_and_compaction: 0
2020/10/15-19:52:14.209654 7fa3875b3700          Options.create_missing_column_families: 0
2020/10/15-19:52:14.209655 7fa3875b3700                              Options.db_log_dir: 
2020/10/15-19:52:14.209657 7fa3875b3700                                 Options.wal_dir: s5/chains/DevelopmentChain/db/ed610d82ff220c8e/overlayrecent/db
2020/10/15-19:52:14.209659 7fa3875b3700                Options.table_cache_numshardbits: 6
2020/10/15-19:52:14.209661 7fa3875b3700                      Options.max_subcompactions: 1
2020/10/15-19:52:14.209663 7fa3875b3700                         Options.WAL_ttl_seconds: 0
2020/10/15-19:52:14.209664 7fa3875b3700                       Options.WAL_size_limit_MB: 0
2020/10/15-19:52:14.209666 7fa3875b3700                        Options.max_write_batch_group_size_bytes: 1048576
2020/10/15-19:52:14.209668 7fa3875b3700             Options.manifest_preallocation_size: 4194304
2020/10/15-19:52:14.209670 7fa3875b3700                     Options.is_fd_close_on_exec: 1
2020/10/15-19:52:14.209672 7fa3875b3700                   Options.advise_random_on_open: 1
2020/10/15-19:52:14.209673 7fa3875b3700                    Options.db_write_buffer_size: 0
2020/10/15-19:52:14.209675 7fa3875b3700                    Options.write_buffer_manager: 0x5575d61c7b50
2020/10/15-19:52:14.209677 7fa3875b3700         Options.access_hint_on_compaction_start: 1
2020/10/15-19:52:14.209679 7fa3875b3700  Options.new_table_reader_for_compaction_inputs: 0
2020/10/15-19:52:14.215678 7fa3875b3700           Options.random_access_max_buffer_size: 1048576
2020/10/15-19:52:14.215687 7fa3875b3700                      Options.use_adaptive_mutex: 0
2020/10/15-19:52:14.215689 7fa3875b3700                            Options.rate_limiter: (nil)
2020/10/15-19:52:14.215692 7fa3875b3700     Options.sst_file_manager.rate_bytes_per_sec: 0
2020/10/15-19:52:14.215693 7fa3875b3700                       Options.wal_recovery_mode: 2
2020/10/15-19:52:14.215695 7fa3875b3700                  Options.enable_thread_tracking: 0
2020/10/15-19:52:14.215697 7fa3875b3700                  Options.enable_pipelined_write: 0
2020/10/15-19:52:14.215699 7fa3875b3700                  Options.unordered_write: 0
2020/10/15-19:52:14.215701 7fa3875b3700         Options.allow_concurrent_memtable_write: 1
2020/10/15-19:52:14.215703 7fa3875b3700      Options.enable_write_thread_adaptive_yield: 1
2020/10/15-19:52:14.215705 7fa3875b3700             Options.write_thread_max_yield_usec: 100
2020/10/15-19:52:14.215706 7fa3875b3700            Options.write_thread_slow_yield_usec: 3
2020/10/15-19:52:14.215708 7fa3875b3700                               Options.row_cache: None
2020/10/15-19:52:14.215710 7fa3875b3700                              Options.wal_filter: None
2020/10/15-19:52:14.215711 7fa3875b3700             Options.avoid_flush_during_recovery: 0
2020/10/15-19:52:14.215713 7fa3875b3700             Options.allow_ingest_behind: 0
2020/10/15-19:52:14.215714 7fa3875b3700             Options.preserve_deletes: 0
2020/10/15-19:52:14.215716 7fa3875b3700             Options.two_write_queues: 0
2020/10/15-19:52:14.215717 7fa3875b3700             Options.manual_wal_flush: 0
2020/10/15-19:52:14.215719 7fa3875b3700             Options.atomic_flush: 0
2020/10/15-19:52:14.215720 7fa3875b3700             Options.avoid_unnecessary_blocking_io: 0
2020/10/15-19:52:14.215722 7fa3875b3700                 Options.persist_stats_to_disk: 0
2020/10/15-19:52:14.215723 7fa3875b3700                 Options.write_dbid_to_manifest: 0
2020/10/15-19:52:14.215725 7fa3875b3700                 Options.log_readahead_size: 0
2020/10/15-19:52:14.215727 7fa3875b3700                 Options.file_checksum_gen_factory: Unknown
2020/10/15-19:52:14.215728 7fa3875b3700                 Options.best_efforts_recovery: 0
2020/10/15-19:52:14.215730 7fa3875b3700             Options.max_background_jobs: 2
2020/10/15-19:52:14.215732 7fa3875b3700             Options.max_background_compactions: -1
2020/10/15-19:52:14.215733 7fa3875b3700             Options.avoid_flush_during_shutdown: 0
2020/10/15-19:52:14.215735 7fa3875b3700           Options.writable_file_max_buffer_size: 1048576
2020/10/15-19:52:14.215736 7fa3875b3700             Options.delayed_write_rate : 16777216
2020/10/15-19:52:14.215738 7fa3875b3700             Options.max_total_wal_size: 0
2020/10/15-19:52:14.215740 7fa3875b3700             Options.delete_obsolete_files_period_micros: 21600000000
2020/10/15-19:52:14.215741 7fa3875b3700                   Options.stats_dump_period_sec: 600
2020/10/15-19:52:14.215743 7fa3875b3700                 Options.stats_persist_period_sec: 600
2020/10/15-19:52:14.215745 7fa3875b3700                 Options.stats_history_buffer_size: 1048576
2020/10/15-19:52:14.215747 7fa3875b3700                          Options.max_open_files: 512
2020/10/15-19:52:14.215748 7fa3875b3700                          Options.bytes_per_sync: 1048576
2020/10/15-19:52:14.215750 7fa3875b3700                      Options.wal_bytes_per_sync: 0
2020/10/15-19:52:14.215752 7fa3875b3700                   Options.strict_bytes_per_sync: 0
2020/10/15-19:52:14.215754 7fa3875b3700       Options.compaction_readahead_size: 0
2020/10/15-19:52:14.215755 7fa3875b3700                  Options.max_background_flushes: -1
2020/10/15-19:52:14.215757 7fa3875b3700 Compression algorithms supported:
2020/10/15-19:52:14.215759 7fa3875b3700 	kZSTDNotFinalCompression supported: 0
2020/10/15-19:52:14.215761 7fa3875b3700 	kZSTD supported: 0
2020/10/15-19:52:14.215763 7fa3875b3700 	kXpressCompression supported: 0
2020/10/15-19:52:14.215765 7fa3875b3700 	kLZ4HCCompression supported: 0
2020/10/15-19:52:14.215788 7fa3875b3700 	kLZ4Compression supported: 0
2020/10/15-19:52:14.215790 7fa3875b3700 	kBZip2Compression supported: 0
2020/10/15-19:52:14.215792 7fa3875b3700 	kZlibCompression supported: 0
2020/10/15-19:52:14.215794 7fa3875b3700 	kSnappyCompression supported: 1
2020/10/15-19:52:14.215799 7fa3875b3700 Fast CRC32 supported: Supported on x86
2020/10/15-19:52:14.215946 7fa3875b3700 [db/version_set.cc:4555] Recovering from manifest file: s5/chains/DevelopmentChain/db/ed610d82ff220c8e/overlayrecent/db/MANIFEST-000109
2020/10/15-19:52:14.216105 7fa3875b3700 [db/column_family.cc:579] --------------- Options for column family [default]:
2020/10/15-19:52:14.216109 7fa3875b3700               Options.comparator: leveldb.BytewiseComparator
2020/10/15-19:52:14.216111 7fa3875b3700           Options.merge_operator: None
2020/10/15-19:52:14.216113 7fa3875b3700        Options.compaction_filter: None
2020/10/15-19:52:14.216114 7fa3875b3700        Options.compaction_filter_factory: None
2020/10/15-19:52:14.216116 7fa3875b3700         Options.memtable_factory: SkipListFactory
2020/10/15-19:52:14.216118 7fa3875b3700            Options.table_factory: BlockBasedTable
2020/10/15-19:52:14.216174 7fa3875b3700            table_factory options:   flush_block_policy_factory: FlushBlockBySizePolicyFactory (0x5575d61c7b10)
  cache_index_and_filter_blocks: 0
  cache_index_and_filter_blocks_with_high_priority: 1
  pin_l0_filter_and_index_blocks_in_cache: 0
  pin_top_level_index_and_filter: 1
  index_type: 0
  data_block_index_type: 0
  index_shortening: 1
  data_block_hash_table_util_ratio: 0.750000
  hash_index_allow_collision: 1
  checksum: 1
  no_block_cache: 0
  block_cache: 0x5575d61c6830
  block_cache_name: LRUCache
  block_cache_options:
    capacity : 8388608
    num_shard_bits : 4
    strict_capacity_limit : 0
    memory_allocator : None
    high_pri_pool_ratio: 0.000
  block_cache_compressed: (nil)
  persistent_cache: (nil)
  block_size: 4096
  block_size_deviation: 10
  block_restart_interval: 16
  index_block_restart_interval: 1
  metadata_block_size: 4096
  partition_filters: 0
  use_delta_encoding: 1
  filter_policy: nullptr
  whole_key_filtering: 1
  verify_compression: 0
  read_amp_bytes_per_bit: 0
  format_version: 4
  enable_index_compression: 1
  block_align: 0
2020/10/15-19:52:14.216180 7fa3875b3700        Options.write_buffer_size: 67108864
2020/10/15-19:52:14.216182 7fa3875b3700  Options.max_write_buffer_number: 2
2020/10/15-19:52:14.216184 7fa3875b3700          Options.compression: Snappy
2020/10/15-19:52:14.216185 7fa3875b3700                  Options.bottommost_compression: Disabled
2020/10/15-19:52:14.216187 7fa3875b3700       Options.prefix_extractor: nullptr
2020/10/15-19:52:14.216189 7fa3875b3700   Options.memtable_insert_with_hint_prefix_extractor: nullptr
2020/10/15-19:52:14.216191 7fa3875b3700             Options.num_levels: 7
2020/10/15-19:52:14.216192 7fa3875b3700        Options.min_write_buffer_number_to_merge: 1
2020/10/15-19:52:14.216194 7fa3875b3700     Options.max_write_buffer_number_to_maintain: 0
2020/10/15-19:52:14.216196 7fa3875b3700     Options.max_write_buffer_size_to_maintain: 0
2020/10/15-19:52:14.216197 7fa3875b3700            Options.bottommost_compression_opts.window_bits: -14
2020/10/15-19:52:14.216199 7fa3875b3700                  Options.bottommost_compression_opts.level: 32767
2020/10/15-19:52:14.216201 7fa3875b3700               Options.bottommost_compression_opts.strategy: 0
2020/10/15-19:52:14.216203 7fa3875b3700         Options.bottommost_compression_opts.max_dict_bytes: 0
2020/10/15-19:52:14.216205 7fa3875b3700         Options.bottommost_compression_opts.zstd_max_train_bytes: 0
2020/10/15-19:52:14.216206 7fa3875b3700         Options.bottommost_compression_opts.parallel_threads: 1
2020/10/15-19:52:14.216208 7fa3875b3700                  Options.bottommost_compression_opts.enabled: false
2020/10/15-19:52:14.216210 7fa3875b3700            Options.compression_opts.window_bits: -14
2020/10/15-19:52:14.216212 7fa3875b3700                  Options.compression_opts.level: 32767
2020/10/15-19:52:14.216229 7fa3875b3700               Options.compression_opts.strategy: 0
2020/10/15-19:52:14.216232 7fa3875b3700         Options.compression_opts.max_dict_bytes: 0
2020/10/15-19:52:14.216233 7fa3875b3700         Options.compression_opts.zstd_max_train_bytes: 0
2020/10/15-19:52:14.216235 7fa3875b3700         Options.compression_opts.parallel_threads: 1
2020/10/15-19:52:14.216237 7fa3875b3700                  Options.compression_opts.enabled: false
2020/10/15-19:52:14.216238 7fa3875b3700      Options.level0_file_num_compaction_trigger: 4
2020/10/15-19:52:14.216240 7fa3875b3700          Options.level0_slowdown_writes_trigger: 20
2020/10/15-19:52:14.216242 7fa3875b3700              Options.level0_stop_writes_trigger: 36
2020/10/15-19:52:14.216244 7fa3875b3700                   Options.target_file_size_base: 67108864
2020/10/15-19:52:14.216245 7fa3875b3700             Options.target_file_size_multiplier: 1
2020/10/15-19:52:14.216247 7fa3875b3700                Options.max_bytes_for_level_base: 268435456
2020/10/15-19:52:14.216249 7fa3875b3700 Options.level_compaction_dynamic_level_bytes: 0
2020/10/15-19:52:14.216251 7fa3875b3700          Options.max_bytes_for_level_multiplier: 10.000000
2020/10/15-19:52:14.216254 7fa3875b3700 Options.max_bytes_for_level_multiplier_addtl[0]: 1
2020/10/15-19:52:14.216256 7fa3875b3700 Options.max_bytes_for_level_multiplier_addtl[1]: 1
2020/10/15-19:52:14.216258 7fa3875b3700 Options.max_bytes_for_level_multiplier_addtl[2]: 1
2020/10/15-19:52:14.216260 7fa3875b3700 Options.max_bytes_for_level_multiplier_addtl[3]: 1
2020/10/15-19:52:14.216262 7fa3875b3700 Options.max_bytes_for_level_multiplier_addtl[4]: 1
2020/10/15-19:52:14.216264 7fa3875b3700 Options.max_bytes_for_level_multiplier_addtl[5]: 1
2020/10/15-19:52:14.216265 7fa3875b3700 Options.max_bytes_for_level_multiplier_addtl[6]: 1
2020/10/15-19:52:14.216267 7fa3875b3700       Options.max_sequential_skip_in_iterations: 8
2020/10/15-19:52:14.216269 7fa3875b3700                    Options.max_compaction_bytes: 1677721600
2020/10/15-19:52:14.216271 7fa3875b3700                        Options.arena_block_size: 8388608
2020/10/15-19:52:14.216273 7fa3875b3700   Options.soft_pending_compaction_bytes_limit: 68719476736
2020/10/15-19:52:14.216274 7fa3875b3700   Options.hard_pending_compaction_bytes_limit: 274877906944
2020/10/15-19:52:14.216276 7fa3875b3700       Options.rate_limit_delay_max_milliseconds: 100
2020/10/15-19:52:14.216278 7fa3875b3700                Options.disable_auto_compactions: 0
2020/10/15-19:52:14.216281 7fa3875b3700                        Options.compaction_style: kCompactionStyleLevel
2020/10/15-19:52:14.216283 7fa3875b3700                          Options.compaction_pri: kMinOverlappingRatio
2020/10/15-19:52:14.216284 7fa3875b3700 Options.compaction_options_universal.size_ratio: 1
2020/10/15-19:52:14.216286 7fa3875b3700 Options.compaction_options_universal.min_merge_width: 2
2020/10/15-19:52:14.216288 7fa3875b3700 Options.compaction_options_universal.max_merge_width: 4294967295
2020/10/15-19:52:14.216290 7fa3875b3700 Options.compaction_options_universal.max_size_amplification_percent: 200
2020/10/15-19:52:14.216291 7fa3875b3700 Options.compaction_options_universal.compression_size_percent: -1
2020/10/15-19:52:14.216294 7fa3875b3700 Options.compaction_options_universal.stop_style: kCompactionStopStyleTotalSize
2020/10/15-19:52:14.216295 7fa3875b3700 Options.compaction_options_fifo.max_table_files_size: 1073741824
2020/10/15-19:52:14.216297 7fa3875b3700 Options.compaction_options_fifo.allow_compaction: 0
2020/10/15-19:52:14.216305 7fa3875b3700                   Options.table_properties_collectors: 
2020/10/15-19:52:14.216307 7fa3875b3700                   Options.inplace_update_support: 0
2020/10/15-19:52:14.216308 7fa3875b3700                 Options.inplace_update_num_locks: 10000
2020/10/15-19:52:14.216310 7fa3875b3700               Options.memtable_prefix_bloom_size_ratio: 0.000000
2020/10/15-19:52:14.216312 7fa3875b3700               Options.memtable_whole_key_filtering: 0
2020/10/15-19:52:14.216324 7fa3875b3700   Options.memtable_huge_page_size: 0
2020/10/15-19:52:14.216326 7fa3875b3700                           Options.bloom_locality: 0
2020/10/15-19:52:14.216328 7fa3875b3700                    Options.max_successive_merges: 0
2020/10/15-19:52:14.216330 7fa3875b3700                Options.optimize_filters_for_hits: 0
2020/10/15-19:52:14.216332 7fa3875b3700                Options.paranoid_file_checks: 0
2020/10/15-19:52:14.216333 7fa3875b3700                Options.force_consistency_checks: 0
2020/10/15-19:52:14.216335 7fa3875b3700                Options.report_bg_io_stats: 0
2020/10/15-19:52:14.216337 7fa3875b3700                               Options.ttl: 2592000
2020/10/15-19:52:14.216338 7fa3875b3700          Options.periodic_compaction_seconds: 0
2020/10/15-19:52:14.216421 7fa3875b3700 [db/column_family.cc:579] --------------- Options for column family [col0]:
2020/10/15-19:52:14.216424 7fa3875b3700               Options.comparator: leveldb.BytewiseComparator
2020/10/15-19:52:14.216426 7fa3875b3700           Options.merge_operator: None
2020/10/15-19:52:14.216427 7fa3875b3700        Options.compaction_filter: None
2020/10/15-19:52:14.216429 7fa3875b3700        Options.compaction_filter_factory: None
2020/10/15-19:52:14.216431 7fa3875b3700         Options.memtable_factory: SkipListFactory
2020/10/15-19:52:14.216433 7fa3875b3700            Options.table_factory: BlockBasedTable
2020/10/15-19:52:14.216470 7fa3875b3700            table_factory options:   flush_block_policy_factory: FlushBlockBySizePolicyFactory (0x5575d61c4ba0)
  cache_index_and_filter_blocks: 1
  cache_index_and_filter_blocks_with_high_priority: 1
  pin_l0_filter_and_index_blocks_in_cache: 1
  pin_top_level_index_and_filter: 1
  index_type: 0
  data_block_index_type: 0
  index_shortening: 1
  data_block_hash_table_util_ratio: 0.750000
  hash_index_allow_collision: 1
  checksum: 1
  no_block_cache: 0
  block_cache: 0x5575d61bc250
  block_cache_name: LRUCache
  block_cache_options:
    capacity : 134217728
    num_shard_bits : 6
    strict_capacity_limit : 0
    memory_allocator : None
    high_pri_pool_ratio: 0.500
  block_cache_compressed: (nil)
  persistent_cache: (nil)
  block_size: 16384
  block_size_deviation: 10
  block_restart_interval: 16
  index_block_restart_interval: 1
  metadata_block_size: 4096
  partition_filters: 0
  use_delta_encoding: 1
  filter_policy: rocksdb.BuiltinBloomFilter
  whole_key_filtering: 1
  verify_compression: 0
  read_amp_bytes_per_bit: 0
  format_version: 4
  enable_index_compression: 1
  block_align: 0
2020/10/15-19:52:14.216483 7fa3875b3700        Options.write_buffer_size: 67108864
2020/10/15-19:52:14.216486 7fa3875b3700  Options.max_write_buffer_number: 6
2020/10/15-19:52:14.216487 7fa3875b3700          Options.compression: Snappy
2020/10/15-19:52:14.216489 7fa3875b3700                  Options.bottommost_compression: Disabled
2020/10/15-19:52:14.216491 7fa3875b3700       Options.prefix_extractor: nullptr
2020/10/15-19:52:14.216493 7fa3875b3700   Options.memtable_insert_with_hint_prefix_extractor: nullptr
2020/10/15-19:52:14.216495 7fa3875b3700             Options.num_levels: 7
2020/10/15-19:52:14.216496 7fa3875b3700        Options.min_write_buffer_number_to_merge: 2
2020/10/15-19:52:14.216498 7fa3875b3700     Options.max_write_buffer_number_to_maintain: 0
2020/10/15-19:52:14.216500 7fa3875b3700     Options.max_write_buffer_size_to_maintain: 0
2020/10/15-19:52:14.216502 7fa3875b3700            Options.bottommost_compression_opts.window_bits: -14
2020/10/15-19:52:14.216503 7fa3875b3700                  Options.bottommost_compression_opts.level: 32767
2020/10/15-19:52:14.216505 7fa3875b3700               Options.bottommost_compression_opts.strategy: 0
2020/10/15-19:52:14.216507 7fa3875b3700         Options.bottommost_compression_opts.max_dict_bytes: 0
2020/10/15-19:52:14.216509 7fa3875b3700         Options.bottommost_compression_opts.zstd_max_train_bytes: 0
2020/10/15-19:52:14.216510 7fa3875b3700         Options.bottommost_compression_opts.parallel_threads: 1
2020/10/15-19:52:14.216524 7fa3875b3700                  Options.bottommost_compression_opts.enabled: false
2020/10/15-19:52:14.216526 7fa3875b3700            Options.compression_opts.window_bits: -14
2020/10/15-19:52:14.216528 7fa3875b3700                  Options.compression_opts.level: 32767
2020/10/15-19:52:14.216530 7fa3875b3700               Options.compression_opts.strategy: 0
2020/10/15-19:52:14.216532 7fa3875b3700         Options.compression_opts.max_dict_bytes: 0
2020/10/15-19:52:14.216533 7fa3875b3700         Options.compression_opts.zstd_max_train_bytes: 0
2020/10/15-19:52:14.216535 7fa3875b3700         Options.compression_opts.parallel_threads: 1
2020/10/15-19:52:14.216537 7fa3875b3700                  Options.compression_opts.enabled: false
2020/10/15-19:52:14.216539 7fa3875b3700      Options.level0_file_num_compaction_trigger: 2
2020/10/15-19:52:14.216540 7fa3875b3700          Options.level0_slowdown_writes_trigger: 20
2020/10/15-19:52:14.216542 7fa3875b3700              Options.level0_stop_writes_trigger: 36
2020/10/15-19:52:14.216544 7fa3875b3700                   Options.target_file_size_base: 67108864
2020/10/15-19:52:14.216546 7fa3875b3700             Options.target_file_size_multiplier: 1
2020/10/15-19:52:14.216547 7fa3875b3700                Options.max_bytes_for_level_base: 268435456
2020/10/15-19:52:14.216549 7fa3875b3700 Options.level_compaction_dynamic_level_bytes: 1
2020/10/15-19:52:14.216551 7fa3875b3700          Options.max_bytes_for_level_multiplier: 10.000000
2020/10/15-19:52:14.216554 7fa3875b3700 Options.max_bytes_for_level_multiplier_addtl[0]: 1
2020/10/15-19:52:14.216556 7fa3875b3700 Options.max_bytes_for_level_multiplier_addtl[1]: 1
2020/10/15-19:52:14.216558 7fa3875b3700 Options.max_bytes_for_level_multiplier_addtl[2]: 1
2020/10/15-19:52:14.216560 7fa3875b3700 Options.max_bytes_for_level_multiplier_addtl[3]: 1
2020/10/15-19:52:14.216562 7fa3875b3700 Options.max_bytes_for_level_multiplier_addtl[4]: 1
2020/10/15-19:52:14.216563 7fa3875b3700 Options.max_bytes_for_level_multiplier_addtl[5]: 1
2020/10/15-19:52:14.216565 7fa3875b3700 Options.max_bytes_for_level_multiplier_addtl[6]: 1
2020/10/15-19:52:14.216567 7fa3875b3700       Options.max_sequential_skip_in_iterations: 8
2020/10/15-19:52:14.216569 7fa3875b3700                    Options.max_compaction_bytes: 1677721600
2020/10/15-19:52:14.216571 7fa3875b3700                        Options.arena_block_size: 8388608
2020/10/15-19:52:14.216572 7fa3875b3700   Options.soft_pending_compaction_bytes_limit: 68719476736
2020/10/15-19:52:14.216574 7fa3875b3700   Options.hard_pending_compaction_bytes_limit: 274877906944
2020/10/15-19:52:14.216576 7fa3875b3700       Options.rate_limit_delay_max_milliseconds: 100
2020/10/15-19:52:14.216578 7fa3875b3700                Options.disable_auto_compactions: 0
2020/10/15-19:52:14.216580 7fa3875b3700                        Options.compaction_style: kCompactionStyleLevel
2020/10/15-19:52:14.216582 7fa3875b3700                          Options.compaction_pri: kMinOverlappingRatio
2020/10/15-19:52:14.216584 7fa3875b3700 Options.compaction_options_universal.size_ratio: 1
2020/10/15-19:52:14.216586 7fa3875b3700 Options.compaction_options_universal.min_merge_width: 2
2020/10/15-19:52:14.216587 7fa3875b3700 Options.compaction_options_universal.max_merge_width: 4294967295
2020/10/15-19:52:14.216589 7fa3875b3700 Options.compaction_options_universal.max_size_amplification_percent: 200
2020/10/15-19:52:14.216591 7fa3875b3700 Options.compaction_options_universal.compression_size_percent: -1
2020/10/15-19:52:14.216593 7fa3875b3700 Options.compaction_options_universal.stop_style: kCompactionStopStyleTotalSize
2020/10/15-19:52:14.216595 7fa3875b3700 Options.compaction_options_fifo.max_table_files_size: 1073741824
2020/10/15-19:52:14.216597 7fa3875b3700 Options.compaction_options_fifo.allow_compaction: 0
2020/10/15-19:52:14.216600 7fa3875b3700                   Options.table_properties_collectors: 
2020/10/15-19:52:14.216602 7fa3875b3700                   Options.inplace_update_support: 0
2020/10/15-19:52:14.216604 7fa3875b3700                 Options.inplace_update_num_locks: 10000
2020/10/15-19:52:14.216615 7fa3875b3700               Options.memtable_prefix_bloom_size_ratio: 0.000000
2020/10/15-19:52:14.216618 7fa3875b3700               Options.memtable_whole_key_filtering: 0
2020/10/15-19:52:14.216620 7fa3875b3700   Options.memtable_huge_page_size: 0
2020/10/15-19:52:14.216622 7fa3875b3700                           Options.bloom_locality: 0
2020/10/15-19:52:14.216624 7fa3875b3700                    Options.max_successive_merges: 0
2020/10/15-19:52:14.216625 7fa3875b3700                Options.optimize_filters_for_hits: 0
2020/10/15-19:52:14.216627 7fa3875b3700                Options.paranoid_file_checks: 0
2020/10/15-19:52:14.216629 7fa3875b3700                Options.force_consistency_checks: 0
2020/10/15-19:52:14.216630 7fa3875b3700                Options.report_bg_io_stats: 0
2020/10/15-19:52:14.216632 7fa3875b3700                               Options.ttl: 2592000
2020/10/15-19:52:14.216634 7fa3875b3700          Options.periodic_compaction_seconds: 0
2020/10/15-19:52:14.216692 7fa3875b3700 [db/column_family.cc:579] --------------- Options for column family [col1]:
2020/10/15-19:52:14.216695 7fa3875b3700               Options.comparator: leveldb.BytewiseComparator
2020/10/15-19:52:14.216697 7fa3875b3700           Options.merge_operator: None
2020/10/15-19:52:14.216699 7fa3875b3700        Options.compaction_filter: None
2020/10/15-19:52:14.216701 7fa3875b3700        Options.compaction_filter_factory: None
2020/10/15-19:52:14.216703 7fa3875b3700         Options.memtable_factory: SkipListFactory
2020/10/15-19:52:14.216704 7fa3875b3700            Options.table_factory: BlockBasedTable
2020/10/15-19:52:14.216735 7fa3875b3700            table_factory options:   flush_block_policy_factory: FlushBlockBySizePolicyFactory (0x5575d61c3740)
  cache_index_and_filter_blocks: 1
  cache_index_and_filter_blocks_with_high_priority: 1
  pin_l0_filter_and_index_blocks_in_cache: 1
  pin_top_level_index_and_filter: 1
  index_type: 0
  data_block_index_type: 0
  index_shortening: 1
  data_block_hash_table_util_ratio: 0.750000
  hash_index_allow_collision: 1
  checksum: 1
  no_block_cache: 0
  block_cache: 0x5575d61bc250
  block_cache_name: LRUCache
  block_cache_options:
    capacity : 134217728
    num_shard_bits : 6
    strict_capacity_limit : 0
    memory_allocator : None
    high_pri_pool_ratio: 0.500
  block_cache_compressed: (nil)
  persistent_cache: (nil)
  block_size: 16384
  block_size_deviation: 10
  block_restart_interval: 16
  index_block_restart_interval: 1
  metadata_block_size: 4096
  partition_filters: 0
  use_delta_encoding: 1
  filter_policy: rocksdb.BuiltinBloomFilter
  whole_key_filtering: 1
  verify_compression: 0
  read_amp_bytes_per_bit: 0
  format_version: 4
  enable_index_compression: 1
  block_align: 0
2020/10/15-19:52:14.216738 7fa3875b3700        Options.write_buffer_size: 4194304
2020/10/15-19:52:14.216739 7fa3875b3700  Options.max_write_buffer_number: 6
2020/10/15-19:52:14.216741 7fa3875b3700          Options.compression: Snappy
2020/10/15-19:52:14.216743 7fa3875b3700                  Options.bottommost_compression: Disabled
2020/10/15-19:52:14.216745 7fa3875b3700       Options.prefix_extractor: nullptr
2020/10/15-19:52:14.216747 7fa3875b3700   Options.memtable_insert_with_hint_prefix_extractor: nullptr
2020/10/15-19:52:14.216748 7fa3875b3700             Options.num_levels: 7
2020/10/15-19:52:14.216750 7fa3875b3700        Options.min_write_buffer_number_to_merge: 2
2020/10/15-19:52:14.216752 7fa3875b3700     Options.max_write_buffer_number_to_maintain: 0
2020/10/15-19:52:14.216753 7fa3875b3700     Options.max_write_buffer_size_to_maintain: 0
2020/10/15-19:52:14.216755 7fa3875b3700            Options.bottommost_compression_opts.window_bits: -14
2020/10/15-19:52:14.216757 7fa3875b3700                  Options.bottommost_compression_opts.level: 32767
2020/10/15-19:52:14.216759 7fa3875b3700               Options.bottommost_compression_opts.strategy: 0
2020/10/15-19:52:14.216761 7fa3875b3700         Options.bottommost_compression_opts.max_dict_bytes: 0
2020/10/15-19:52:14.216773 7fa3875b3700         Options.bottommost_compression_opts.zstd_max_train_bytes: 0
2020/10/15-19:52:14.216776 7fa3875b3700         Options.bottommost_compression_opts.parallel_threads: 1
2020/10/15-19:52:14.216777 7fa3875b3700                  Options.bottommost_compression_opts.enabled: false
2020/10/15-19:52:14.216779 7fa3875b3700            Options.compression_opts.window_bits: -14
2020/10/15-19:52:14.216781 7fa3875b3700                  Options.compression_opts.level: 32767
2020/10/15-19:52:14.216783 7fa3875b3700               Options.compression_opts.strategy: 0
2020/10/15-19:52:14.216785 7fa3875b3700         Options.compression_opts.max_dict_bytes: 0
2020/10/15-19:52:14.216786 7fa3875b3700         Options.compression_opts.zstd_max_train_bytes: 0
2020/10/15-19:52:14.216788 7fa3875b3700         Options.compression_opts.parallel_threads: 1
2020/10/15-19:52:14.216790 7fa3875b3700                  Options.compression_opts.enabled: false
2020/10/15-19:52:14.216791 7fa3875b3700      Options.level0_file_num_compaction_trigger: 2
2020/10/15-19:52:14.216793 7fa3875b3700          Options.level0_slowdown_writes_trigger: 20
2020/10/15-19:52:14.216795 7fa3875b3700              Options.level0_stop_writes_trigger: 36
2020/10/15-19:52:14.216797 7fa3875b3700                   Options.target_file_size_base: 67108864
2020/10/15-19:52:14.216798 7fa3875b3700             Options.target_file_size_multiplier: 1
2020/10/15-19:52:14.216800 7fa3875b3700                Options.max_bytes_for_level_base: 16777216
2020/10/15-19:52:14.216802 7fa3875b3700 Options.level_compaction_dynamic_level_bytes: 1
2020/10/15-19:52:14.216804 7fa3875b3700          Options.max_bytes_for_level_multiplier: 10.000000
2020/10/15-19:52:14.216807 7fa3875b3700 Options.max_bytes_for_level_multiplier_addtl[0]: 1
2020/10/15-19:52:14.216809 7fa3875b3700 Options.max_bytes_for_level_multiplier_addtl[1]: 1
2020/10/15-19:52:14.216811 7fa3875b3700 Options.max_bytes_for_level_multiplier_addtl[2]: 1
2020/10/15-19:52:14.216812 7fa3875b3700 Options.max_bytes_for_level_multiplier_addtl[3]: 1
2020/10/15-19:52:14.216814 7fa3875b3700 Options.max_bytes_for_level_multiplier_addtl[4]: 1
2020/10/15-19:52:14.216816 7fa3875b3700 Options.max_bytes_for_level_multiplier_addtl[5]: 1
2020/10/15-19:52:14.216818 7fa3875b3700 Options.max_bytes_for_level_multiplier_addtl[6]: 1
2020/10/15-19:52:14.216820 7fa3875b3700       Options.max_sequential_skip_in_iterations: 8
2020/10/15-19:52:14.216822 7fa3875b3700                    Options.max_compaction_bytes: 1677721600
2020/10/15-19:52:14.216824 7fa3875b3700                        Options.arena_block_size: 524288
2020/10/15-19:52:14.216825 7fa3875b3700   Options.soft_pending_compaction_bytes_limit: 68719476736
2020/10/15-19:52:14.216827 7fa3875b3700   Options.hard_pending_compaction_bytes_limit: 274877906944
2020/10/15-19:52:14.216829 7fa3875b3700       Options.rate_limit_delay_max_milliseconds: 100
2020/10/15-19:52:14.216831 7fa3875b3700                Options.disable_auto_compactions: 0
2020/10/15-19:52:14.216833 7fa3875b3700                        Options.compaction_style: kCompactionStyleLevel
2020/10/15-19:52:14.216835 7fa3875b3700                          Options.compaction_pri: kMinOverlappingRatio
2020/10/15-19:52:14.216837 7fa3875b3700 Options.compaction_options_universal.size_ratio: 1
2020/10/15-19:52:14.216839 7fa3875b3700 Options.compaction_options_universal.min_merge_width: 2
2020/10/15-19:52:14.216841 7fa3875b3700 Options.compaction_options_universal.max_merge_width: 4294967295
2020/10/15-19:52:14.216842 7fa3875b3700 Options.compaction_options_universal.max_size_amplification_percent: 200
2020/10/15-19:52:14.216844 7fa3875b3700 Options.compaction_options_universal.compression_size_percent: -1
2020/10/15-19:52:14.216846 7fa3875b3700 Options.compaction_options_universal.stop_style: kCompactionStopStyleTotalSize
2020/10/15-19:52:14.216848 7fa3875b3700 Options.compaction_options_fifo.max_table_files_size: 1073741824
2020/10/15-19:52:14.216850 7fa3875b3700 Options.compaction_options_fifo.allow_compaction: 0
2020/10/15-19:52:14.216863 7fa3875b3700                   Options.table_properties_collectors: 
2020/10/15-19:52:14.216866 7fa3875b3700                   Options.inplace_update_support: 0
2020/10/15-19:52:14.216867 7fa3875b3700                 Options.inplace_update_num_locks: 10000
2020/10/15-19:52:14.216869 7fa3875b3700               Options.memtable_prefix_bloom_size_ratio: 0.000000
2020/10/15-19:52:14.216872 7fa3875b3700               Options.memtable_whole_key_filtering: 0
2020/10/15-19:52:14.216873 7fa3875b3700   Options.memtable_huge_page_size: 0
2020/10/15-19:52:14.216875 7fa3875b3700                           Options.bloom_locality: 0
2020/10/15-19:52:14.216877 7fa3875b3700                    Options.max_successive_merges: 0
2020/10/15-19:52:14.216879 7fa3875b3700                Options.optimize_filters_for_hits: 0
2020/10/15-19:52:14.216880 7fa3875b3700                Options.paranoid_file_checks: 0
2020/10/15-19:52:14.216882 7fa3875b3700                Options.force_consistency_checks: 0
2020/10/15-19:52:14.216884 7fa3875b3700                Options.report_bg_io_stats: 0
2020/10/15-19:52:14.216886 7fa3875b3700                               Options.ttl: 2592000
2020/10/15-19:52:14.216887 7fa3875b3700          Options.periodic_compaction_seconds: 0
2020/10/15-19:52:14.216943 7fa3875b3700 [db/column_family.cc:579] --------------- Options for column family [col2]:
2020/10/15-19:52:14.216946 7fa3875b3700               Options.comparator: leveldb.BytewiseComparator
2020/10/15-19:52:14.216948 7fa3875b3700           Options.merge_operator: None
2020/10/15-19:52:14.216949 7fa3875b3700        Options.compaction_filter: None
2020/10/15-19:52:14.216951 7fa3875b3700        Options.compaction_filter_factory: None
2020/10/15-19:52:14.216953 7fa3875b3700         Options.memtable_factory: SkipListFactory
2020/10/15-19:52:14.216955 7fa3875b3700            Options.table_factory: BlockBasedTable
2020/10/15-19:52:14.216991 7fa3875b3700            table_factory options:   flush_block_policy_factory: FlushBlockBySizePolicyFactory (0x5575d61c3f50)
  cache_index_and_filter_blocks: 1
  cache_index_and_filter_blocks_with_high_priority: 1
  pin_l0_filter_and_index_blocks_in_cache: 1
  pin_top_level_index_and_filter: 1
  index_type: 0
  data_block_index_type: 0
  index_shortening: 1
  data_block_hash_table_util_ratio: 0.750000
  hash_index_allow_collision: 1
  checksum: 1
  no_block_cache: 0
  block_cache: 0x5575d61bc250
  block_cache_name: LRUCache
  block_cache_options:
    capacity : 134217728
    num_shard_bits : 6
    strict_capacity_limit : 0
    memory_allocator : None
    high_pri_pool_ratio: 0.500
  block_cache_compressed: (nil)
  persistent_cache: (nil)
  block_size: 16384
  block_size_deviation: 10
  block_restart_interval: 16
  index_block_restart_interval: 1
  metadata_block_size: 4096
  partition_filters: 0
  use_delta_encoding: 1
  filter_policy: rocksdb.BuiltinBloomFilter
  whole_key_filtering: 1
  verify_compression: 0
  read_amp_bytes_per_bit: 0
  format_version: 4
  enable_index_compression: 1
  block_align: 0
2020/10/15-19:52:14.217002 7fa3875b3700        Options.write_buffer_size: 4194304
2020/10/15-19:52:14.217005 7fa3875b3700  Options.max_write_buffer_number: 6
2020/10/15-19:52:14.217007 7fa3875b3700          Options.compression: Snappy
2020/10/15-19:52:14.217008 7fa3875b3700                  Options.bottommost_compression: Disabled
2020/10/15-19:52:14.217010 7fa3875b3700       Options.prefix_extractor: nullptr
2020/10/15-19:52:14.217012 7fa3875b3700   Options.memtable_insert_with_hint_prefix_extractor: nullptr
2020/10/15-19:52:14.217014 7fa3875b3700             Options.num_levels: 7
2020/10/15-19:52:14.217016 7fa3875b3700        Options.min_write_buffer_number_to_merge: 2
2020/10/15-19:52:14.217017 7fa3875b3700     Options.max_write_buffer_number_to_maintain: 0
2020/10/15-19:52:14.217019 7fa3875b3700     Options.max_write_buffer_size_to_maintain: 0
2020/10/15-19:52:14.217021 7fa3875b3700            Options.bottommost_compression_opts.window_bits: -14
2020/10/15-19:52:14.217023 7fa3875b3700                  Options.bottommost_compression_opts.level: 32767
2020/10/15-19:52:14.217036 7fa3875b3700               Options.bottommost_compression_opts.strategy: 0
2020/10/15-19:52:14.217038 7fa3875b3700         Options.bottommost_compression_opts.max_dict_bytes: 0
2020/10/15-19:52:14.217040 7fa3875b3700         Options.bottommost_compression_opts.zstd_max_train_bytes: 0
2020/10/15-19:52:14.217041 7fa3875b3700         Options.bottommost_compression_opts.parallel_threads: 1
2020/10/15-19:52:14.217043 7fa3875b3700                  Options.bottommost_compression_opts.enabled: false
2020/10/15-19:52:14.217045 7fa3875b3700            Options.compression_opts.window_bits: -14
2020/10/15-19:52:14.217047 7fa3875b3700                  Options.compression_opts.level: 32767
2020/10/15-19:52:14.217049 7fa3875b3700               Options.compression_opts.strategy: 0
2020/10/15-19:52:14.217050 7fa3875b3700         Options.compression_opts.max_dict_bytes: 0
2020/10/15-19:52:14.217052 7fa3875b3700         Options.compression_opts.zstd_max_train_bytes: 0
2020/10/15-19:52:14.217054 7fa3875b3700         Options.compression_opts.parallel_threads: 1
2020/10/15-19:52:14.217056 7fa3875b3700                  Options.compression_opts.enabled: false
2020/10/15-19:52:14.217057 7fa3875b3700      Options.level0_file_num_compaction_trigger: 2
2020/10/15-19:52:14.217059 7fa3875b3700          Options.level0_slowdown_writes_trigger: 20
2020/10/15-19:52:14.217061 7fa3875b3700              Options.level0_stop_writes_trigger: 36
2020/10/15-19:52:14.217063 7fa3875b3700                   Options.target_file_size_base: 67108864
2020/10/15-19:52:14.217065 7fa3875b3700             Options.target_file_size_multiplier: 1
2020/10/15-19:52:14.217066 7fa3875b3700                Options.max_bytes_for_level_base: 16777216
2020/10/15-19:52:14.217068 7fa3875b3700 Options.level_compaction_dynamic_level_bytes: 1
2020/10/15-19:52:14.217070 7fa3875b3700          Options.max_bytes_for_level_multiplier: 10.000000
2020/10/15-19:52:14.217073 7fa3875b3700 Options.max_bytes_for_level_multiplier_addtl[0]: 1
2020/10/15-19:52:14.217075 7fa3875b3700 Options.max_bytes_for_level_multiplier_addtl[1]: 1
2020/10/15-19:52:14.217077 7fa3875b3700 Options.max_bytes_for_level_multiplier_addtl[2]: 1
2020/10/15-19:52:14.217079 7fa3875b3700 Options.max_bytes_for_level_multiplier_addtl[3]: 1
2020/10/15-19:52:14.217080 7fa3875b3700 Options.max_bytes_for_level_multiplier_addtl[4]: 1
2020/10/15-19:52:14.217082 7fa3875b3700 Options.max_bytes_for_level_multiplier_addtl[5]: 1
2020/10/15-19:52:14.217084 7fa3875b3700 Options.max_bytes_for_level_multiplier_addtl[6]: 1
2020/10/15-19:52:14.217086 7fa3875b3700       Options.max_sequential_skip_in_iterations: 8
2020/10/15-19:52:14.217088 7fa3875b3700                    Options.max_compaction_bytes: 1677721600
2020/10/15-19:52:14.217089 7fa3875b3700                        Options.arena_block_size: 524288
2020/10/15-19:52:14.217091 7fa3875b3700   Options.soft_pending_compaction_bytes_limit: 68719476736
