2020/10/15-19:52:14.788232 7f3da8ffe700 RocksDB version: 6.11.4
2020/10/15-19:52:14.788272 7f3da8ffe700 Git sha rocksdb_build_git_sha:@48bfca38f6f175435052a59791922a1a453d9609@
2020/10/15-19:52:14.788276 7f3da8ffe700 Compile date Oct  3 2020
2020/10/15-19:52:14.788283 7f3da8ffe700 DB SUMMARY
2020/10/15-19:52:14.788339 7f3da8ffe700 CURRENT file:  CURRENT
2020/10/15-19:52:14.788342 7f3da8ffe700 IDENTITY file:  IDENTITY
2020/10/15-19:52:14.788348 7f3da8ffe700 MANIFEST file:  MANIFEST-000122 size: 1428 Bytes
2020/10/15-19:52:14.788351 7f3da8ffe700 SST files in s1/chains/DevelopmentChain/db/ed610d82ff220c8e/overlayrecent/db dir, Total Num: 8, files: 000026.sst 000027.sst 000028.sst 000029.sst 000117.sst 000118.sst 000120.sst 000121.sst 
2020/10/15-19:52:14.788353 7f3da8ffe700 Write Ahead Log file in s1/chains/DevelopmentChain/db/ed610d82ff220c8e/overlayrecent/db: 000123.log size: 143 ; 
2020/10/15-19:52:14.788356 7f3da8ffe700                         Options.error_if_exists: 0
2020/10/15-19:52:14.788358 7f3da8ffe700                       Options.create_if_missing: 1
2020/10/15-19:52:14.788360 7f3da8ffe700                         Options.paranoid_checks: 1
2020/10/15-19:52:14.788377 7f3da8ffe700                                     Options.env: 0x55dc20722440
2020/10/15-19:52:14.788379 7f3da8ffe700                                      Options.fs: Posix File System
2020/10/15-19:52:14.788381 7f3da8ffe700                                Options.info_log: 0x55dc215116d0
2020/10/15-19:52:14.788382 7f3da8ffe700                Options.max_file_opening_threads: 16
2020/10/15-19:52:14.788383 7f3da8ffe700                              Options.statistics: (nil)
2020/10/15-19:52:14.788385 7f3da8ffe700                               Options.use_fsync: 0
2020/10/15-19:52:14.788387 7f3da8ffe700                       Options.max_log_file_size: 0
2020/10/15-19:52:14.788388 7f3da8ffe700                  Options.max_manifest_file_size: 1073741824
2020/10/15-19:52:14.788389 7f3da8ffe700                   Options.log_file_time_to_roll: 0
2020/10/15-19:52:14.788391 7f3da8ffe700                       Options.keep_log_file_num: 1
2020/10/15-19:52:14.788392 7f3da8ffe700                    Options.recycle_log_file_num: 0
2020/10/15-19:52:14.788394 7f3da8ffe700                         Options.allow_fallocate: 1
2020/10/15-19:52:14.788396 7f3da8ffe700                        Options.allow_mmap_reads: 0
2020/10/15-19:52:14.788398 7f3da8ffe700                       Options.allow_mmap_writes: 0
2020/10/15-19:52:14.788400 7f3da8ffe700                        Options.use_direct_reads: 0
2020/10/15-19:52:14.788401 7f3da8ffe700                        Options.use_direct_io_for_flush_and_compaction: 0
2020/10/15-19:52:14.788403 7f3da8ffe700          Options.create_missing_column_families: 0
2020/10/15-19:52:14.788404 7f3da8ffe700                              Options.db_log_dir: 
2020/10/15-19:52:14.788406 7f3da8ffe700                                 Options.wal_dir: s1/chains/DevelopmentChain/db/ed610d82ff220c8e/overlayrecent/db
2020/10/15-19:52:14.788408 7f3da8ffe700                Options.table_cache_numshardbits: 6
2020/10/15-19:52:14.788410 7f3da8ffe700                      Options.max_subcompactions: 1
2020/10/15-19:52:14.788412 7f3da8ffe700                         Options.WAL_ttl_seconds: 0
2020/10/15-19:52:14.788413 7f3da8ffe700                       Options.WAL_size_limit_MB: 0
2020/10/15-19:52:14.788415 7f3da8ffe700                        Options.max_write_batch_group_size_bytes: 1048576
2020/10/15-19:52:14.788417 7f3da8ffe700             Options.manifest_preallocation_size: 4194304
2020/10/15-19:52:14.788419 7f3da8ffe700                     Options.is_fd_close_on_exec: 1
2020/10/15-19:52:14.788421 7f3da8ffe700                   Options.advise_random_on_open: 1
2020/10/15-19:52:14.788422 7f3da8ffe700                    Options.db_write_buffer_size: 0
2020/10/15-19:52:14.788424 7f3da8ffe700                    Options.write_buffer_manager: 0x55dc2150fb50
2020/10/15-19:52:14.788426 7f3da8ffe700         Options.access_hint_on_compaction_start: 1
2020/10/15-19:52:14.788428 7f3da8ffe700  Options.new_table_reader_for_compaction_inputs: 0
2020/10/15-19:52:14.789189 7f3da8ffe700           Options.random_access_max_buffer_size: 1048576
2020/10/15-19:52:14.789196 7f3da8ffe700                      Options.use_adaptive_mutex: 0
2020/10/15-19:52:14.789198 7f3da8ffe700                            Options.rate_limiter: (nil)
2020/10/15-19:52:14.789200 7f3da8ffe700     Options.sst_file_manager.rate_bytes_per_sec: 0
2020/10/15-19:52:14.789202 7f3da8ffe700                       Options.wal_recovery_mode: 2
2020/10/15-19:52:14.789204 7f3da8ffe700                  Options.enable_thread_tracking: 0
2020/10/15-19:52:14.789206 7f3da8ffe700                  Options.enable_pipelined_write: 0
2020/10/15-19:52:14.789207 7f3da8ffe700                  Options.unordered_write: 0
2020/10/15-19:52:14.789209 7f3da8ffe700         Options.allow_concurrent_memtable_write: 1
2020/10/15-19:52:14.789210 7f3da8ffe700      Options.enable_write_thread_adaptive_yield: 1
2020/10/15-19:52:14.789212 7f3da8ffe700             Options.write_thread_max_yield_usec: 100
2020/10/15-19:52:14.789214 7f3da8ffe700            Options.write_thread_slow_yield_usec: 3
2020/10/15-19:52:14.789215 7f3da8ffe700                               Options.row_cache: None
2020/10/15-19:52:14.789217 7f3da8ffe700                              Options.wal_filter: None
2020/10/15-19:52:14.789219 7f3da8ffe700             Options.avoid_flush_during_recovery: 0
2020/10/15-19:52:14.789220 7f3da8ffe700             Options.allow_ingest_behind: 0
2020/10/15-19:52:14.789222 7f3da8ffe700             Options.preserve_deletes: 0
2020/10/15-19:52:14.789224 7f3da8ffe700             Options.two_write_queues: 0
2020/10/15-19:52:14.789225 7f3da8ffe700             Options.manual_wal_flush: 0
2020/10/15-19:52:14.789227 7f3da8ffe700             Options.atomic_flush: 0
2020/10/15-19:52:14.789229 7f3da8ffe700             Options.avoid_unnecessary_blocking_io: 0
2020/10/15-19:52:14.789230 7f3da8ffe700                 Options.persist_stats_to_disk: 0
2020/10/15-19:52:14.789232 7f3da8ffe700                 Options.write_dbid_to_manifest: 0
2020/10/15-19:52:14.789234 7f3da8ffe700                 Options.log_readahead_size: 0
2020/10/15-19:52:14.789235 7f3da8ffe700                 Options.file_checksum_gen_factory: Unknown
2020/10/15-19:52:14.789237 7f3da8ffe700                 Options.best_efforts_recovery: 0
2020/10/15-19:52:14.789239 7f3da8ffe700             Options.max_background_jobs: 2
2020/10/15-19:52:14.789241 7f3da8ffe700             Options.max_background_compactions: -1
2020/10/15-19:52:14.789242 7f3da8ffe700             Options.avoid_flush_during_shutdown: 0
2020/10/15-19:52:14.789244 7f3da8ffe700           Options.writable_file_max_buffer_size: 1048576
2020/10/15-19:52:14.789246 7f3da8ffe700             Options.delayed_write_rate : 16777216
2020/10/15-19:52:14.789247 7f3da8ffe700             Options.max_total_wal_size: 0
2020/10/15-19:52:14.789249 7f3da8ffe700             Options.delete_obsolete_files_period_micros: 21600000000
2020/10/15-19:52:14.789251 7f3da8ffe700                   Options.stats_dump_period_sec: 600
2020/10/15-19:52:14.789253 7f3da8ffe700                 Options.stats_persist_period_sec: 600
2020/10/15-19:52:14.789254 7f3da8ffe700                 Options.stats_history_buffer_size: 1048576
2020/10/15-19:52:14.789257 7f3da8ffe700                          Options.max_open_files: 512
2020/10/15-19:52:14.789258 7f3da8ffe700                          Options.bytes_per_sync: 1048576
2020/10/15-19:52:14.789260 7f3da8ffe700                      Options.wal_bytes_per_sync: 0
2020/10/15-19:52:14.789262 7f3da8ffe700                   Options.strict_bytes_per_sync: 0
2020/10/15-19:52:14.789264 7f3da8ffe700       Options.compaction_readahead_size: 0
2020/10/15-19:52:14.789266 7f3da8ffe700                  Options.max_background_flushes: -1
2020/10/15-19:52:14.789267 7f3da8ffe700 Compression algorithms supported:
2020/10/15-19:52:14.789269 7f3da8ffe700 	kZSTDNotFinalCompression supported: 0
2020/10/15-19:52:14.789271 7f3da8ffe700 	kZSTD supported: 0
2020/10/15-19:52:14.789273 7f3da8ffe700 	kXpressCompression supported: 0
2020/10/15-19:52:14.789275 7f3da8ffe700 	kLZ4HCCompression supported: 0
2020/10/15-19:52:14.789290 7f3da8ffe700 	kLZ4Compression supported: 0
2020/10/15-19:52:14.789292 7f3da8ffe700 	kBZip2Compression supported: 0
2020/10/15-19:52:14.789294 7f3da8ffe700 	kZlibCompression supported: 0
2020/10/15-19:52:14.789296 7f3da8ffe700 	kSnappyCompression supported: 1
2020/10/15-19:52:14.789301 7f3da8ffe700 Fast CRC32 supported: Supported on x86
2020/10/15-19:52:14.789436 7f3da8ffe700 [db/version_set.cc:4555] Recovering from manifest file: s1/chains/DevelopmentChain/db/ed610d82ff220c8e/overlayrecent/db/MANIFEST-000122
2020/10/15-19:52:14.789592 7f3da8ffe700 [db/column_family.cc:579] --------------- Options for column family [default]:
2020/10/15-19:52:14.789596 7f3da8ffe700               Options.comparator: leveldb.BytewiseComparator
2020/10/15-19:52:14.789598 7f3da8ffe700           Options.merge_operator: None
2020/10/15-19:52:14.789600 7f3da8ffe700        Options.compaction_filter: None
2020/10/15-19:52:14.789602 7f3da8ffe700        Options.compaction_filter_factory: None
2020/10/15-19:52:14.789604 7f3da8ffe700         Options.memtable_factory: SkipListFactory
2020/10/15-19:52:14.789605 7f3da8ffe700            Options.table_factory: BlockBasedTable
2020/10/15-19:52:14.789658 7f3da8ffe700            table_factory options:   flush_block_policy_factory: FlushBlockBySizePolicyFactory (0x55dc2150fb10)
  cache_index_and_filter_blocks: 0
  cache_index_and_filter_blocks_with_high_priority: 1
  pin_l0_filter_and_index_blocks_in_cache: 0
  pin_top_level_index_and_filter: 1
  index_type: 0
  data_block_index_type: 0
  index_shortening: 1
  data_block_hash_table_util_ratio: 0.750000
  hash_index_allow_collision: 1
  checksum: 1
  no_block_cache: 0
  block_cache: 0x55dc2150e830
  block_cache_name: LRUCache
  block_cache_options:
    capacity : 8388608
    num_shard_bits : 4
    strict_capacity_limit : 0
    memory_allocator : None
    high_pri_pool_ratio: 0.000
  block_cache_compressed: (nil)
  persistent_cache: (nil)
  block_size: 4096
  block_size_deviation: 10
  block_restart_interval: 16
  index_block_restart_interval: 1
  metadata_block_size: 4096
  partition_filters: 0
  use_delta_encoding: 1
  filter_policy: nullptr
  whole_key_filtering: 1
  verify_compression: 0
  read_amp_bytes_per_bit: 0
  format_version: 4
  enable_index_compression: 1
  block_align: 0
2020/10/15-19:52:14.789664 7f3da8ffe700        Options.write_buffer_size: 67108864
2020/10/15-19:52:14.789666 7f3da8ffe700  Options.max_write_buffer_number: 2
2020/10/15-19:52:14.789668 7f3da8ffe700          Options.compression: Snappy
2020/10/15-19:52:14.789670 7f3da8ffe700                  Options.bottommost_compression: Disabled
2020/10/15-19:52:14.789672 7f3da8ffe700       Options.prefix_extractor: nullptr
2020/10/15-19:52:14.789674 7f3da8ffe700   Options.memtable_insert_with_hint_prefix_extractor: nullptr
2020/10/15-19:52:14.789675 7f3da8ffe700             Options.num_levels: 7
2020/10/15-19:52:14.789677 7f3da8ffe700        Options.min_write_buffer_number_to_merge: 1
2020/10/15-19:52:14.789679 7f3da8ffe700     Options.max_write_buffer_number_to_maintain: 0
2020/10/15-19:52:14.789680 7f3da8ffe700     Options.max_write_buffer_size_to_maintain: 0
2020/10/15-19:52:14.789682 7f3da8ffe700            Options.bottommost_compression_opts.window_bits: -14
2020/10/15-19:52:14.789684 7f3da8ffe700                  Options.bottommost_compression_opts.level: 32767
2020/10/15-19:52:14.789686 7f3da8ffe700               Options.bottommost_compression_opts.strategy: 0
2020/10/15-19:52:14.789688 7f3da8ffe700         Options.bottommost_compression_opts.max_dict_bytes: 0
2020/10/15-19:52:14.789689 7f3da8ffe700         Options.bottommost_compression_opts.zstd_max_train_bytes: 0
2020/10/15-19:52:14.789691 7f3da8ffe700         Options.bottommost_compression_opts.parallel_threads: 1
2020/10/15-19:52:14.789693 7f3da8ffe700                  Options.bottommost_compression_opts.enabled: false
2020/10/15-19:52:14.789695 7f3da8ffe700            Options.compression_opts.window_bits: -14
2020/10/15-19:52:14.789696 7f3da8ffe700                  Options.compression_opts.level: 32767
2020/10/15-19:52:14.789713 7f3da8ffe700               Options.compression_opts.strategy: 0
2020/10/15-19:52:14.789715 7f3da8ffe700         Options.compression_opts.max_dict_bytes: 0
2020/10/15-19:52:14.789717 7f3da8ffe700         Options.compression_opts.zstd_max_train_bytes: 0
2020/10/15-19:52:14.789719 7f3da8ffe700         Options.compression_opts.parallel_threads: 1
2020/10/15-19:52:14.789720 7f3da8ffe700                  Options.compression_opts.enabled: false
2020/10/15-19:52:14.789722 7f3da8ffe700      Options.level0_file_num_compaction_trigger: 4
2020/10/15-19:52:14.789724 7f3da8ffe700          Options.level0_slowdown_writes_trigger: 20
2020/10/15-19:52:14.789726 7f3da8ffe700              Options.level0_stop_writes_trigger: 36
2020/10/15-19:52:14.789727 7f3da8ffe700                   Options.target_file_size_base: 67108864
2020/10/15-19:52:14.789729 7f3da8ffe700             Options.target_file_size_multiplier: 1
2020/10/15-19:52:14.789731 7f3da8ffe700                Options.max_bytes_for_level_base: 268435456
2020/10/15-19:52:14.789733 7f3da8ffe700 Options.level_compaction_dynamic_level_bytes: 0
2020/10/15-19:52:14.789735 7f3da8ffe700          Options.max_bytes_for_level_multiplier: 10.000000
2020/10/15-19:52:14.789738 7f3da8ffe700 Options.max_bytes_for_level_multiplier_addtl[0]: 1
2020/10/15-19:52:14.789740 7f3da8ffe700 Options.max_bytes_for_level_multiplier_addtl[1]: 1
2020/10/15-19:52:14.789742 7f3da8ffe700 Options.max_bytes_for_level_multiplier_addtl[2]: 1
2020/10/15-19:52:14.789744 7f3da8ffe700 Options.max_bytes_for_level_multiplier_addtl[3]: 1
2020/10/15-19:52:14.789745 7f3da8ffe700 Options.max_bytes_for_level_multiplier_addtl[4]: 1
2020/10/15-19:52:14.789747 7f3da8ffe700 Options.max_bytes_for_level_multiplier_addtl[5]: 1
2020/10/15-19:52:14.789749 7f3da8ffe700 Options.max_bytes_for_level_multiplier_addtl[6]: 1
2020/10/15-19:52:14.789750 7f3da8ffe700       Options.max_sequential_skip_in_iterations: 8
2020/10/15-19:52:14.789752 7f3da8ffe700                    Options.max_compaction_bytes: 1677721600
2020/10/15-19:52:14.789754 7f3da8ffe700                        Options.arena_block_size: 8388608
2020/10/15-19:52:14.789755 7f3da8ffe700   Options.soft_pending_compaction_bytes_limit: 68719476736
2020/10/15-19:52:14.789756 7f3da8ffe700   Options.hard_pending_compaction_bytes_limit: 274877906944
2020/10/15-19:52:14.789758 7f3da8ffe700       Options.rate_limit_delay_max_milliseconds: 100
2020/10/15-19:52:14.789759 7f3da8ffe700                Options.disable_auto_compactions: 0
2020/10/15-19:52:14.789762 7f3da8ffe700                        Options.compaction_style: kCompactionStyleLevel
2020/10/15-19:52:14.789764 7f3da8ffe700                          Options.compaction_pri: kMinOverlappingRatio
2020/10/15-19:52:14.789765 7f3da8ffe700 Options.compaction_options_universal.size_ratio: 1
2020/10/15-19:52:14.789767 7f3da8ffe700 Options.compaction_options_universal.min_merge_width: 2
2020/10/15-19:52:14.789768 7f3da8ffe700 Options.compaction_options_universal.max_merge_width: 4294967295
2020/10/15-19:52:14.789770 7f3da8ffe700 Options.compaction_options_universal.max_size_amplification_percent: 200
2020/10/15-19:52:14.789772 7f3da8ffe700 Options.compaction_options_universal.compression_size_percent: -1
2020/10/15-19:52:14.789774 7f3da8ffe700 Options.compaction_options_universal.stop_style: kCompactionStopStyleTotalSize
2020/10/15-19:52:14.789775 7f3da8ffe700 Options.compaction_options_fifo.max_table_files_size: 1073741824
2020/10/15-19:52:14.789777 7f3da8ffe700 Options.compaction_options_fifo.allow_compaction: 0
2020/10/15-19:52:14.789785 7f3da8ffe700                   Options.table_properties_collectors: 
2020/10/15-19:52:14.789787 7f3da8ffe700                   Options.inplace_update_support: 0
2020/10/15-19:52:14.789789 7f3da8ffe700                 Options.inplace_update_num_locks: 10000
2020/10/15-19:52:14.789791 7f3da8ffe700               Options.memtable_prefix_bloom_size_ratio: 0.000000
2020/10/15-19:52:14.789793 7f3da8ffe700               Options.memtable_whole_key_filtering: 0
2020/10/15-19:52:14.789807 7f3da8ffe700   Options.memtable_huge_page_size: 0
2020/10/15-19:52:14.789809 7f3da8ffe700                           Options.bloom_locality: 0
2020/10/15-19:52:14.789811 7f3da8ffe700                    Options.max_successive_merges: 0
2020/10/15-19:52:14.789813 7f3da8ffe700                Options.optimize_filters_for_hits: 0
2020/10/15-19:52:14.789814 7f3da8ffe700                Options.paranoid_file_checks: 0
2020/10/15-19:52:14.789816 7f3da8ffe700                Options.force_consistency_checks: 0
2020/10/15-19:52:14.789818 7f3da8ffe700                Options.report_bg_io_stats: 0
2020/10/15-19:52:14.789819 7f3da8ffe700                               Options.ttl: 2592000
2020/10/15-19:52:14.789821 7f3da8ffe700          Options.periodic_compaction_seconds: 0
2020/10/15-19:52:14.789902 7f3da8ffe700 [db/column_family.cc:579] --------------- Options for column family [col0]:
2020/10/15-19:52:14.789906 7f3da8ffe700               Options.comparator: leveldb.BytewiseComparator
2020/10/15-19:52:14.789908 7f3da8ffe700           Options.merge_operator: None
2020/10/15-19:52:14.789909 7f3da8ffe700        Options.compaction_filter: None
2020/10/15-19:52:14.789911 7f3da8ffe700        Options.compaction_filter_factory: None
2020/10/15-19:52:14.789913 7f3da8ffe700         Options.memtable_factory: SkipListFactory
2020/10/15-19:52:14.789914 7f3da8ffe700            Options.table_factory: BlockBasedTable
2020/10/15-19:52:14.789951 7f3da8ffe700            table_factory options:   flush_block_policy_factory: FlushBlockBySizePolicyFactory (0x55dc2150cba0)
  cache_index_and_filter_blocks: 1
  cache_index_and_filter_blocks_with_high_priority: 1
  pin_l0_filter_and_index_blocks_in_cache: 1
  pin_top_level_index_and_filter: 1
  index_type: 0
  data_block_index_type: 0
  index_shortening: 1
  data_block_hash_table_util_ratio: 0.750000
  hash_index_allow_collision: 1
  checksum: 1
  no_block_cache: 0
  block_cache: 0x55dc21504250
  block_cache_name: LRUCache
  block_cache_options:
    capacity : 134217728
    num_shard_bits : 6
    strict_capacity_limit : 0
    memory_allocator : None
    high_pri_pool_ratio: 0.500
  block_cache_compressed: (nil)
  persistent_cache: (nil)
  block_size: 16384
  block_size_deviation: 10
  block_restart_interval: 16
  index_block_restart_interval: 1
  metadata_block_size: 4096
  partition_filters: 0
  use_delta_encoding: 1
  filter_policy: rocksdb.BuiltinBloomFilter
  whole_key_filtering: 1
  verify_compression: 0
  read_amp_bytes_per_bit: 0
  format_version: 4
  enable_index_compression: 1
  block_align: 0
2020/10/15-19:52:14.789964 7f3da8ffe700        Options.write_buffer_size: 67108864
2020/10/15-19:52:14.789967 7f3da8ffe700  Options.max_write_buffer_number: 6
2020/10/15-19:52:14.789969 7f3da8ffe700          Options.compression: Snappy
2020/10/15-19:52:14.789970 7f3da8ffe700                  Options.bottommost_compression: Disabled
2020/10/15-19:52:14.789972 7f3da8ffe700       Options.prefix_extractor: nullptr
2020/10/15-19:52:14.789974 7f3da8ffe700   Options.memtable_insert_with_hint_prefix_extractor: nullptr
2020/10/15-19:52:14.789975 7f3da8ffe700             Options.num_levels: 7
2020/10/15-19:52:14.789977 7f3da8ffe700        Options.min_write_buffer_number_to_merge: 2
2020/10/15-19:52:14.789979 7f3da8ffe700     Options.max_write_buffer_number_to_maintain: 0
2020/10/15-19:52:14.789980 7f3da8ffe700     Options.max_write_buffer_size_to_maintain: 0
2020/10/15-19:52:14.789982 7f3da8ffe700            Options.bottommost_compression_opts.window_bits: -14
2020/10/15-19:52:14.789984 7f3da8ffe700                  Options.bottommost_compression_opts.level: 32767
2020/10/15-19:52:14.789986 7f3da8ffe700               Options.bottommost_compression_opts.strategy: 0
2020/10/15-19:52:14.789988 7f3da8ffe700         Options.bottommost_compression_opts.max_dict_bytes: 0
2020/10/15-19:52:14.789989 7f3da8ffe700         Options.bottommost_compression_opts.zstd_max_train_bytes: 0
2020/10/15-19:52:14.789991 7f3da8ffe700         Options.bottommost_compression_opts.parallel_threads: 1
2020/10/15-19:52:14.790005 7f3da8ffe700                  Options.bottommost_compression_opts.enabled: false
2020/10/15-19:52:14.790008 7f3da8ffe700            Options.compression_opts.window_bits: -14
2020/10/15-19:52:14.790010 7f3da8ffe700                  Options.compression_opts.level: 32767
2020/10/15-19:52:14.790012 7f3da8ffe700               Options.compression_opts.strategy: 0
2020/10/15-19:52:14.790013 7f3da8ffe700         Options.compression_opts.max_dict_bytes: 0
2020/10/15-19:52:14.790015 7f3da8ffe700         Options.compression_opts.zstd_max_train_bytes: 0
2020/10/15-19:52:14.790017 7f3da8ffe700         Options.compression_opts.parallel_threads: 1
2020/10/15-19:52:14.790018 7f3da8ffe700                  Options.compression_opts.enabled: false
2020/10/15-19:52:14.790020 7f3da8ffe700      Options.level0_file_num_compaction_trigger: 2
2020/10/15-19:52:14.790022 7f3da8ffe700          Options.level0_slowdown_writes_trigger: 20
2020/10/15-19:52:14.790024 7f3da8ffe700              Options.level0_stop_writes_trigger: 36
2020/10/15-19:52:14.790025 7f3da8ffe700                   Options.target_file_size_base: 67108864
2020/10/15-19:52:14.790027 7f3da8ffe700             Options.target_file_size_multiplier: 1
2020/10/15-19:52:14.790029 7f3da8ffe700                Options.max_bytes_for_level_base: 268435456
2020/10/15-19:52:14.790031 7f3da8ffe700 Options.level_compaction_dynamic_level_bytes: 1
2020/10/15-19:52:14.790032 7f3da8ffe700          Options.max_bytes_for_level_multiplier: 10.000000
2020/10/15-19:52:14.790036 7f3da8ffe700 Options.max_bytes_for_level_multiplier_addtl[0]: 1
2020/10/15-19:52:14.790038 7f3da8ffe700 Options.max_bytes_for_level_multiplier_addtl[1]: 1
2020/10/15-19:52:14.790040 7f3da8ffe700 Options.max_bytes_for_level_multiplier_addtl[2]: 1
2020/10/15-19:52:14.790041 7f3da8ffe700 Options.max_bytes_for_level_multiplier_addtl[3]: 1
2020/10/15-19:52:14.790043 7f3da8ffe700 Options.max_bytes_for_level_multiplier_addtl[4]: 1
2020/10/15-19:52:14.790045 7f3da8ffe700 Options.max_bytes_for_level_multiplier_addtl[5]: 1
2020/10/15-19:52:14.790047 7f3da8ffe700 Options.max_bytes_for_level_multiplier_addtl[6]: 1
2020/10/15-19:52:14.790049 7f3da8ffe700       Options.max_sequential_skip_in_iterations: 8
2020/10/15-19:52:14.790051 7f3da8ffe700                    Options.max_compaction_bytes: 1677721600
2020/10/15-19:52:14.790053 7f3da8ffe700                        Options.arena_block_size: 8388608
2020/10/15-19:52:14.790054 7f3da8ffe700   Options.soft_pending_compaction_bytes_limit: 68719476736
2020/10/15-19:52:14.790056 7f3da8ffe700   Options.hard_pending_compaction_bytes_limit: 274877906944
2020/10/15-19:52:14.790058 7f3da8ffe700       Options.rate_limit_delay_max_milliseconds: 100
2020/10/15-19:52:14.790060 7f3da8ffe700                Options.disable_auto_compactions: 0
2020/10/15-19:52:14.790062 7f3da8ffe700                        Options.compaction_style: kCompactionStyleLevel
2020/10/15-19:52:14.790064 7f3da8ffe700                          Options.compaction_pri: kMinOverlappingRatio
2020/10/15-19:52:14.790066 7f3da8ffe700 Options.compaction_options_universal.size_ratio: 1
2020/10/15-19:52:14.790068 7f3da8ffe700 Options.compaction_options_universal.min_merge_width: 2
2020/10/15-19:52:14.790069 7f3da8ffe700 Options.compaction_options_universal.max_merge_width: 4294967295
2020/10/15-19:52:14.790071 7f3da8ffe700 Options.compaction_options_universal.max_size_amplification_percent: 200
2020/10/15-19:52:14.790073 7f3da8ffe700 Options.compaction_options_universal.compression_size_percent: -1
2020/10/15-19:52:14.790075 7f3da8ffe700 Options.compaction_options_universal.stop_style: kCompactionStopStyleTotalSize
2020/10/15-19:52:14.790077 7f3da8ffe700 Options.compaction_options_fifo.max_table_files_size: 1073741824
2020/10/15-19:52:14.790078 7f3da8ffe700 Options.compaction_options_fifo.allow_compaction: 0
2020/10/15-19:52:14.790083 7f3da8ffe700                   Options.table_properties_collectors: 
2020/10/15-19:52:14.790085 7f3da8ffe700                   Options.inplace_update_support: 0
2020/10/15-19:52:14.790087 7f3da8ffe700                 Options.inplace_update_num_locks: 10000
2020/10/15-19:52:14.790099 7f3da8ffe700               Options.memtable_prefix_bloom_size_ratio: 0.000000
2020/10/15-19:52:14.790101 7f3da8ffe700               Options.memtable_whole_key_filtering: 0
2020/10/15-19:52:14.790103 7f3da8ffe700   Options.memtable_huge_page_size: 0
2020/10/15-19:52:14.790105 7f3da8ffe700                           Options.bloom_locality: 0
2020/10/15-19:52:14.790107 7f3da8ffe700                    Options.max_successive_merges: 0
2020/10/15-19:52:14.790109 7f3da8ffe700                Options.optimize_filters_for_hits: 0
2020/10/15-19:52:14.790110 7f3da8ffe700                Options.paranoid_file_checks: 0
2020/10/15-19:52:14.790112 7f3da8ffe700                Options.force_consistency_checks: 0
2020/10/15-19:52:14.790114 7f3da8ffe700                Options.report_bg_io_stats: 0
2020/10/15-19:52:14.790116 7f3da8ffe700                               Options.ttl: 2592000
2020/10/15-19:52:14.790118 7f3da8ffe700          Options.periodic_compaction_seconds: 0
2020/10/15-19:52:14.790178 7f3da8ffe700 [db/column_family.cc:579] --------------- Options for column family [col1]:
2020/10/15-19:52:14.790181 7f3da8ffe700               Options.comparator: leveldb.BytewiseComparator
2020/10/15-19:52:14.790182 7f3da8ffe700           Options.merge_operator: None
2020/10/15-19:52:14.790184 7f3da8ffe700        Options.compaction_filter: None
2020/10/15-19:52:14.790186 7f3da8ffe700        Options.compaction_filter_factory: None
2020/10/15-19:52:14.790188 7f3da8ffe700         Options.memtable_factory: SkipListFactory
2020/10/15-19:52:14.790190 7f3da8ffe700            Options.table_factory: BlockBasedTable
2020/10/15-19:52:14.790221 7f3da8ffe700            table_factory options:   flush_block_policy_factory: FlushBlockBySizePolicyFactory (0x55dc2150b740)
  cache_index_and_filter_blocks: 1
  cache_index_and_filter_blocks_with_high_priority: 1
  pin_l0_filter_and_index_blocks_in_cache: 1
  pin_top_level_index_and_filter: 1
  index_type: 0
  data_block_index_type: 0
  index_shortening: 1
  data_block_hash_table_util_ratio: 0.750000
  hash_index_allow_collision: 1
  checksum: 1
  no_block_cache: 0
  block_cache: 0x55dc21504250
  block_cache_name: LRUCache
  block_cache_options:
    capacity : 134217728
    num_shard_bits : 6
    strict_capacity_limit : 0
    memory_allocator : None
    high_pri_pool_ratio: 0.500
  block_cache_compressed: (nil)
  persistent_cache: (nil)
  block_size: 16384
  block_size_deviation: 10
  block_restart_interval: 16
  index_block_restart_interval: 1
  metadata_block_size: 4096
  partition_filters: 0
  use_delta_encoding: 1
  filter_policy: rocksdb.BuiltinBloomFilter
  whole_key_filtering: 1
  verify_compression: 0
  read_amp_bytes_per_bit: 0
  format_version: 4
  enable_index_compression: 1
  block_align: 0
2020/10/15-19:52:14.790223 7f3da8ffe700        Options.write_buffer_size: 4194304
2020/10/15-19:52:14.790225 7f3da8ffe700  Options.max_write_buffer_number: 6
2020/10/15-19:52:14.790227 7f3da8ffe700          Options.compression: Snappy
2020/10/15-19:52:14.790229 7f3da8ffe700                  Options.bottommost_compression: Disabled
2020/10/15-19:52:14.790231 7f3da8ffe700       Options.prefix_extractor: nullptr
2020/10/15-19:52:14.790232 7f3da8ffe700   Options.memtable_insert_with_hint_prefix_extractor: nullptr
2020/10/15-19:52:14.790234 7f3da8ffe700             Options.num_levels: 7
2020/10/15-19:52:14.790236 7f3da8ffe700        Options.min_write_buffer_number_to_merge: 2
2020/10/15-19:52:14.790238 7f3da8ffe700     Options.max_write_buffer_number_to_maintain: 0
2020/10/15-19:52:14.790239 7f3da8ffe700     Options.max_write_buffer_size_to_maintain: 0
2020/10/15-19:52:14.790241 7f3da8ffe700            Options.bottommost_compression_opts.window_bits: -14
2020/10/15-19:52:14.790243 7f3da8ffe700                  Options.bottommost_compression_opts.level: 32767
2020/10/15-19:52:14.790245 7f3da8ffe700               Options.bottommost_compression_opts.strategy: 0
2020/10/15-19:52:14.790247 7f3da8ffe700         Options.bottommost_compression_opts.max_dict_bytes: 0
2020/10/15-19:52:14.790260 7f3da8ffe700         Options.bottommost_compression_opts.zstd_max_train_bytes: 0
2020/10/15-19:52:14.790262 7f3da8ffe700         Options.bottommost_compression_opts.parallel_threads: 1
2020/10/15-19:52:14.790264 7f3da8ffe700                  Options.bottommost_compression_opts.enabled: false
2020/10/15-19:52:14.790266 7f3da8ffe700            Options.compression_opts.window_bits: -14
2020/10/15-19:52:14.790267 7f3da8ffe700                  Options.compression_opts.level: 32767
2020/10/15-19:52:14.790269 7f3da8ffe700               Options.compression_opts.strategy: 0
2020/10/15-19:52:14.790271 7f3da8ffe700         Options.compression_opts.max_dict_bytes: 0
2020/10/15-19:52:14.790273 7f3da8ffe700         Options.compression_opts.zstd_max_train_bytes: 0
2020/10/15-19:52:14.790274 7f3da8ffe700         Options.compression_opts.parallel_threads: 1
2020/10/15-19:52:14.790276 7f3da8ffe700                  Options.compression_opts.enabled: false
2020/10/15-19:52:14.790278 7f3da8ffe700      Options.level0_file_num_compaction_trigger: 2
2020/10/15-19:52:14.790280 7f3da8ffe700          Options.level0_slowdown_writes_trigger: 20
2020/10/15-19:52:14.790281 7f3da8ffe700              Options.level0_stop_writes_trigger: 36
2020/10/15-19:52:14.790283 7f3da8ffe700                   Options.target_file_size_base: 67108864
2020/10/15-19:52:14.790285 7f3da8ffe700             Options.target_file_size_multiplier: 1
2020/10/15-19:52:14.790287 7f3da8ffe700                Options.max_bytes_for_level_base: 16777216
2020/10/15-19:52:14.790288 7f3da8ffe700 Options.level_compaction_dynamic_level_bytes: 1
2020/10/15-19:52:14.790290 7f3da8ffe700          Options.max_bytes_for_level_multiplier: 10.000000
2020/10/15-19:52:14.790293 7f3da8ffe700 Options.max_bytes_for_level_multiplier_addtl[0]: 1
2020/10/15-19:52:14.790295 7f3da8ffe700 Options.max_bytes_for_level_multiplier_addtl[1]: 1
2020/10/15-19:52:14.790296 7f3da8ffe700 Options.max_bytes_for_level_multiplier_addtl[2]: 1
2020/10/15-19:52:14.790298 7f3da8ffe700 Options.max_bytes_for_level_multiplier_addtl[3]: 1
2020/10/15-19:52:14.790300 7f3da8ffe700 Options.max_bytes_for_level_multiplier_addtl[4]: 1
2020/10/15-19:52:14.790301 7f3da8ffe700 Options.max_bytes_for_level_multiplier_addtl[5]: 1
2020/10/15-19:52:14.790303 7f3da8ffe700 Options.max_bytes_for_level_multiplier_addtl[6]: 1
2020/10/15-19:52:14.790305 7f3da8ffe700       Options.max_sequential_skip_in_iterations: 8
2020/10/15-19:52:14.790307 7f3da8ffe700                    Options.max_compaction_bytes: 1677721600
2020/10/15-19:52:14.790309 7f3da8ffe700                        Options.arena_block_size: 524288
2020/10/15-19:52:14.790310 7f3da8ffe700   Options.soft_pending_compaction_bytes_limit: 68719476736
2020/10/15-19:52:14.790312 7f3da8ffe700   Options.hard_pending_compaction_bytes_limit: 274877906944
2020/10/15-19:52:14.790314 7f3da8ffe700       Options.rate_limit_delay_max_milliseconds: 100
2020/10/15-19:52:14.790316 7f3da8ffe700                Options.disable_auto_compactions: 0
2020/10/15-19:52:14.790318 7f3da8ffe700                        Options.compaction_style: kCompactionStyleLevel
2020/10/15-19:52:14.790320 7f3da8ffe700                          Options.compaction_pri: kMinOverlappingRatio
2020/10/15-19:52:14.790322 7f3da8ffe700 Options.compaction_options_universal.size_ratio: 1
2020/10/15-19:52:14.790324 7f3da8ffe700 Options.compaction_options_universal.min_merge_width: 2
2020/10/15-19:52:14.790326 7f3da8ffe700 Options.compaction_options_universal.max_merge_width: 4294967295
2020/10/15-19:52:14.790327 7f3da8ffe700 Options.compaction_options_universal.max_size_amplification_percent: 200
2020/10/15-19:52:14.790329 7f3da8ffe700 Options.compaction_options_universal.compression_size_percent: -1
2020/10/15-19:52:14.790331 7f3da8ffe700 Options.compaction_options_universal.stop_style: kCompactionStopStyleTotalSize
2020/10/15-19:52:14.790333 7f3da8ffe700 Options.compaction_options_fifo.max_table_files_size: 1073741824
2020/10/15-19:52:14.790335 7f3da8ffe700 Options.compaction_options_fifo.allow_compaction: 0
2020/10/15-19:52:14.790349 7f3da8ffe700                   Options.table_properties_collectors: 
2020/10/15-19:52:14.790352 7f3da8ffe700                   Options.inplace_update_support: 0
2020/10/15-19:52:14.790353 7f3da8ffe700                 Options.inplace_update_num_locks: 10000
2020/10/15-19:52:14.790355 7f3da8ffe700               Options.memtable_prefix_bloom_size_ratio: 0.000000
2020/10/15-19:52:14.790358 7f3da8ffe700               Options.memtable_whole_key_filtering: 0
2020/10/15-19:52:14.790359 7f3da8ffe700   Options.memtable_huge_page_size: 0
2020/10/15-19:52:14.790361 7f3da8ffe700                           Options.bloom_locality: 0
2020/10/15-19:52:14.790363 7f3da8ffe700                    Options.max_successive_merges: 0
2020/10/15-19:52:14.790365 7f3da8ffe700                Options.optimize_filters_for_hits: 0
2020/10/15-19:52:14.790366 7f3da8ffe700                Options.paranoid_file_checks: 0
2020/10/15-19:52:14.790368 7f3da8ffe700                Options.force_consistency_checks: 0
2020/10/15-19:52:14.790370 7f3da8ffe700                Options.report_bg_io_stats: 0
2020/10/15-19:52:14.790372 7f3da8ffe700                               Options.ttl: 2592000
2020/10/15-19:52:14.790374 7f3da8ffe700          Options.periodic_compaction_seconds: 0
2020/10/15-19:52:14.790433 7f3da8ffe700 [db/column_family.cc:579] --------------- Options for column family [col2]:
2020/10/15-19:52:14.790436 7f3da8ffe700               Options.comparator: leveldb.BytewiseComparator
2020/10/15-19:52:14.790438 7f3da8ffe700           Options.merge_operator: None
2020/10/15-19:52:14.790440 7f3da8ffe700        Options.compaction_filter: None
2020/10/15-19:52:14.790441 7f3da8ffe700        Options.compaction_filter_factory: None
2020/10/15-19:52:14.790443 7f3da8ffe700         Options.memtable_factory: SkipListFactory
2020/10/15-19:52:14.790445 7f3da8ffe700            Options.table_factory: BlockBasedTable
2020/10/15-19:52:14.790483 7f3da8ffe700            table_factory options:   flush_block_policy_factory: FlushBlockBySizePolicyFactory (0x55dc2150bf50)
  cache_index_and_filter_blocks: 1
  cache_index_and_filter_blocks_with_high_priority: 1
  pin_l0_filter_and_index_blocks_in_cache: 1
  pin_top_level_index_and_filter: 1
  index_type: 0
  data_block_index_type: 0
  index_shortening: 1
  data_block_hash_table_util_ratio: 0.750000
  hash_index_allow_collision: 1
  checksum: 1
  no_block_cache: 0
  block_cache: 0x55dc21504250
  block_cache_name: LRUCache
  block_cache_options:
    capacity : 134217728
    num_shard_bits : 6
    strict_capacity_limit : 0
    memory_allocator : None
    high_pri_pool_ratio: 0.500
  block_cache_compressed: (nil)
  persistent_cache: (nil)
  block_size: 16384
  block_size_deviation: 10
  block_restart_interval: 16
  index_block_restart_interval: 1
  metadata_block_size: 4096
  partition_filters: 0
  use_delta_encoding: 1
  filter_policy: rocksdb.BuiltinBloomFilter
  whole_key_filtering: 1
  verify_compression: 0
  read_amp_bytes_per_bit: 0
  format_version: 4
  enable_index_compression: 1
  block_align: 0
2020/10/15-19:52:14.790494 7f3da8ffe700        Options.write_buffer_size: 4194304
2020/10/15-19:52:14.790496 7f3da8ffe700  Options.max_write_buffer_number: 6
2020/10/15-19:52:14.790498 7f3da8ffe700          Options.compression: Snappy
2020/10/15-19:52:14.790500 7f3da8ffe700                  Options.bottommost_compression: Disabled
2020/10/15-19:52:14.790502 7f3da8ffe700       Options.prefix_extractor: nullptr
2020/10/15-19:52:14.790503 7f3da8ffe700   Options.memtable_insert_with_hint_prefix_extractor: nullptr
2020/10/15-19:52:14.790505 7f3da8ffe700             Options.num_levels: 7
2020/10/15-19:52:14.790507 7f3da8ffe700        Options.min_write_buffer_number_to_merge: 2
2020/10/15-19:52:14.790509 7f3da8ffe700     Options.max_write_buffer_number_to_maintain: 0
2020/10/15-19:52:14.790510 7f3da8ffe700     Options.max_write_buffer_size_to_maintain: 0
2020/10/15-19:52:14.790512 7f3da8ffe700            Options.bottommost_compression_opts.window_bits: -14
2020/10/15-19:52:14.790514 7f3da8ffe700                  Options.bottommost_compression_opts.level: 32767
2020/10/15-19:52:14.790529 7f3da8ffe700               Options.bottommost_compression_opts.strategy: 0
2020/10/15-19:52:14.790531 7f3da8ffe700         Options.bottommost_compression_opts.max_dict_bytes: 0
2020/10/15-19:52:14.790533 7f3da8ffe700         Options.bottommost_compression_opts.zstd_max_train_bytes: 0
2020/10/15-19:52:14.790534 7f3da8ffe700         Options.bottommost_compression_opts.parallel_threads: 1
2020/10/15-19:52:14.790536 7f3da8ffe700                  Options.bottommost_compression_opts.enabled: false
2020/10/15-19:52:14.790538 7f3da8ffe700            Options.compression_opts.window_bits: -14
2020/10/15-19:52:14.790539 7f3da8ffe700                  Options.compression_opts.level: 32767
2020/10/15-19:52:14.790541 7f3da8ffe700               Options.compression_opts.strategy: 0
2020/10/15-19:52:14.790542 7f3da8ffe700         Options.compression_opts.max_dict_bytes: 0
2020/10/15-19:52:14.790544 7f3da8ffe700         Options.compression_opts.zstd_max_train_bytes: 0
2020/10/15-19:52:14.790545 7f3da8ffe700         Options.compression_opts.parallel_threads: 1
2020/10/15-19:52:14.790547 7f3da8ffe700                  Options.compression_opts.enabled: false
2020/10/15-19:52:14.790548 7f3da8ffe700      Options.level0_file_num_compaction_trigger: 2
2020/10/15-19:52:14.790550 7f3da8ffe700          Options.level0_slowdown_writes_trigger: 20
2020/10/15-19:52:14.790552 7f3da8ffe700              Options.level0_stop_writes_trigger: 36
2020/10/15-19:52:14.790553 7f3da8ffe700                   Options.target_file_size_base: 67108864
2020/10/15-19:52:14.790555 7f3da8ffe700             Options.target_file_size_multiplier: 1
2020/10/15-19:52:14.790556 7f3da8ffe700                Options.max_bytes_for_level_base: 16777216
2020/10/15-19:52:14.790558 7f3da8ffe700 Options.level_compaction_dynamic_level_bytes: 1
2020/10/15-19:52:14.790560 7f3da8ffe700          Options.max_bytes_for_level_multiplier: 10.000000
2020/10/15-19:52:14.790563 7f3da8ffe700 Options.max_bytes_for_level_multiplier_addtl[0]: 1
2020/10/15-19:52:14.790565 7f3da8ffe700 Options.max_bytes_for_level_multiplier_addtl[1]: 1
2020/10/15-19:52:14.790566 7f3da8ffe700 Options.max_bytes_for_level_multiplier_addtl[2]: 1
2020/10/15-19:52:14.790568 7f3da8ffe700 Options.max_bytes_for_level_multiplier_addtl[3]: 1
2020/10/15-19:52:14.790570 7f3da8ffe700 Options.max_bytes_for_level_multiplier_addtl[4]: 1
2020/10/15-19:52:14.790571 7f3da8ffe700 Options.max_bytes_for_level_multiplier_addtl[5]: 1
2020/10/15-19:52:14.790573 7f3da8ffe700 Options.max_bytes_for_level_multiplier_addtl[6]: 1
2020/10/15-19:52:14.790575 7f3da8ffe700       Options.max_sequential_skip_in_iterations: 8
2020/10/15-19:52:14.790577 7f3da8ffe700                    Options.max_compaction_bytes: 1677721600
2020/10/15-19:52:14.790578 7f3da8ffe700                        Options.arena_block_size: 524288
2020/10/15-19:52:14.790580 7f3da8ffe700   Options.soft_pending_compaction_bytes_limit: 68719476736
