2020/10/15-19:52:15.177190 7f784cb5f700 RocksDB version: 6.11.4
2020/10/15-19:52:15.177223 7f784cb5f700 Git sha rocksdb_build_git_sha:@48bfca38f6f175435052a59791922a1a453d9609@
2020/10/15-19:52:15.177226 7f784cb5f700 Compile date Oct  3 2020
2020/10/15-19:52:15.177233 7f784cb5f700 DB SUMMARY
2020/10/15-19:52:15.177282 7f784cb5f700 CURRENT file:  CURRENT
2020/10/15-19:52:15.177284 7f784cb5f700 IDENTITY file:  IDENTITY
2020/10/15-19:52:15.177290 7f784cb5f700 MANIFEST file:  MANIFEST-000126 size: 1794 Bytes
2020/10/15-19:52:15.177293 7f784cb5f700 SST files in chain2/chains/DevelopmentChain/db/ed610d82ff220c8e/overlayrecent/db dir, Total Num: 6, files: 000026.sst 000027.sst 000028.sst 000029.sst 000130.sst 000131.sst 
2020/10/15-19:52:15.177296 7f784cb5f700 Write Ahead Log file in chain2/chains/DevelopmentChain/db/ed610d82ff220c8e/overlayrecent/db: 000127.log size: 143 ; 
2020/10/15-19:52:15.177298 7f784cb5f700                         Options.error_if_exists: 0
2020/10/15-19:52:15.177300 7f784cb5f700                       Options.create_if_missing: 1
2020/10/15-19:52:15.177302 7f784cb5f700                         Options.paranoid_checks: 1
2020/10/15-19:52:15.177303 7f784cb5f700                                     Options.env: 0x561acb308440
2020/10/15-19:52:15.177305 7f784cb5f700                                      Options.fs: Posix File System
2020/10/15-19:52:15.177307 7f784cb5f700                                Options.info_log: 0x561acc9396d0
2020/10/15-19:52:15.177309 7f784cb5f700                Options.max_file_opening_threads: 16
2020/10/15-19:52:15.177311 7f784cb5f700                              Options.statistics: (nil)
2020/10/15-19:52:15.177313 7f784cb5f700                               Options.use_fsync: 0
2020/10/15-19:52:15.177314 7f784cb5f700                       Options.max_log_file_size: 0
2020/10/15-19:52:15.177316 7f784cb5f700                  Options.max_manifest_file_size: 1073741824
2020/10/15-19:52:15.177318 7f784cb5f700                   Options.log_file_time_to_roll: 0
2020/10/15-19:52:15.177320 7f784cb5f700                       Options.keep_log_file_num: 1
2020/10/15-19:52:15.177321 7f784cb5f700                    Options.recycle_log_file_num: 0
2020/10/15-19:52:15.177323 7f784cb5f700                         Options.allow_fallocate: 1
2020/10/15-19:52:15.177325 7f784cb5f700                        Options.allow_mmap_reads: 0
2020/10/15-19:52:15.177327 7f784cb5f700                       Options.allow_mmap_writes: 0
2020/10/15-19:52:15.177328 7f784cb5f700                        Options.use_direct_reads: 0
2020/10/15-19:52:15.177330 7f784cb5f700                        Options.use_direct_io_for_flush_and_compaction: 0
2020/10/15-19:52:15.177332 7f784cb5f700          Options.create_missing_column_families: 0
2020/10/15-19:52:15.177333 7f784cb5f700                              Options.db_log_dir: 
2020/10/15-19:52:15.177335 7f784cb5f700                                 Options.wal_dir: chain2/chains/DevelopmentChain/db/ed610d82ff220c8e/overlayrecent/db
2020/10/15-19:52:15.177337 7f784cb5f700                Options.table_cache_numshardbits: 6
2020/10/15-19:52:15.177338 7f784cb5f700                      Options.max_subcompactions: 1
2020/10/15-19:52:15.177340 7f784cb5f700                         Options.WAL_ttl_seconds: 0
2020/10/15-19:52:15.177342 7f784cb5f700                       Options.WAL_size_limit_MB: 0
2020/10/15-19:52:15.177344 7f784cb5f700                        Options.max_write_batch_group_size_bytes: 1048576
2020/10/15-19:52:15.177345 7f784cb5f700             Options.manifest_preallocation_size: 4194304
2020/10/15-19:52:15.177347 7f784cb5f700                     Options.is_fd_close_on_exec: 1
2020/10/15-19:52:15.177349 7f784cb5f700                   Options.advise_random_on_open: 1
2020/10/15-19:52:15.177351 7f784cb5f700                    Options.db_write_buffer_size: 0
2020/10/15-19:52:15.177352 7f784cb5f700                    Options.write_buffer_manager: 0x561acc937b50
2020/10/15-19:52:15.177354 7f784cb5f700         Options.access_hint_on_compaction_start: 1
2020/10/15-19:52:15.177356 7f784cb5f700  Options.new_table_reader_for_compaction_inputs: 0
2020/10/15-19:52:15.177358 7f784cb5f700           Options.random_access_max_buffer_size: 1048576
2020/10/15-19:52:15.177393 7f784cb5f700                      Options.use_adaptive_mutex: 0
2020/10/15-19:52:15.177395 7f784cb5f700                            Options.rate_limiter: (nil)
2020/10/15-19:52:15.177397 7f784cb5f700     Options.sst_file_manager.rate_bytes_per_sec: 0
2020/10/15-19:52:15.177399 7f784cb5f700                       Options.wal_recovery_mode: 2
2020/10/15-19:52:15.177401 7f784cb5f700                  Options.enable_thread_tracking: 0
2020/10/15-19:52:15.177402 7f784cb5f700                  Options.enable_pipelined_write: 0
2020/10/15-19:52:15.177404 7f784cb5f700                  Options.unordered_write: 0
2020/10/15-19:52:15.177406 7f784cb5f700         Options.allow_concurrent_memtable_write: 1
2020/10/15-19:52:15.177408 7f784cb5f700      Options.enable_write_thread_adaptive_yield: 1
2020/10/15-19:52:15.177409 7f784cb5f700             Options.write_thread_max_yield_usec: 100
2020/10/15-19:52:15.177411 7f784cb5f700            Options.write_thread_slow_yield_usec: 3
2020/10/15-19:52:15.177413 7f784cb5f700                               Options.row_cache: None
2020/10/15-19:52:15.177415 7f784cb5f700                              Options.wal_filter: None
2020/10/15-19:52:15.177416 7f784cb5f700             Options.avoid_flush_during_recovery: 0
2020/10/15-19:52:15.177418 7f784cb5f700             Options.allow_ingest_behind: 0
2020/10/15-19:52:15.177420 7f784cb5f700             Options.preserve_deletes: 0
2020/10/15-19:52:15.177422 7f784cb5f700             Options.two_write_queues: 0
2020/10/15-19:52:15.177423 7f784cb5f700             Options.manual_wal_flush: 0
2020/10/15-19:52:15.177425 7f784cb5f700             Options.atomic_flush: 0
2020/10/15-19:52:15.177427 7f784cb5f700             Options.avoid_unnecessary_blocking_io: 0
2020/10/15-19:52:15.177428 7f784cb5f700                 Options.persist_stats_to_disk: 0
2020/10/15-19:52:15.177430 7f784cb5f700                 Options.write_dbid_to_manifest: 0
2020/10/15-19:52:15.177432 7f784cb5f700                 Options.log_readahead_size: 0
2020/10/15-19:52:15.177434 7f784cb5f700                 Options.file_checksum_gen_factory: Unknown
2020/10/15-19:52:15.177435 7f784cb5f700                 Options.best_efforts_recovery: 0
2020/10/15-19:52:15.177437 7f784cb5f700             Options.max_background_jobs: 2
2020/10/15-19:52:15.177439 7f784cb5f700             Options.max_background_compactions: -1
2020/10/15-19:52:15.177440 7f784cb5f700             Options.avoid_flush_during_shutdown: 0
2020/10/15-19:52:15.177446 7f784cb5f700           Options.writable_file_max_buffer_size: 1048576
2020/10/15-19:52:15.177448 7f784cb5f700             Options.delayed_write_rate : 16777216
2020/10/15-19:52:15.177450 7f784cb5f700             Options.max_total_wal_size: 0
2020/10/15-19:52:15.177451 7f784cb5f700             Options.delete_obsolete_files_period_micros: 21600000000
2020/10/15-19:52:15.177453 7f784cb5f700                   Options.stats_dump_period_sec: 600
2020/10/15-19:52:15.177455 7f784cb5f700                 Options.stats_persist_period_sec: 600
2020/10/15-19:52:15.177457 7f784cb5f700                 Options.stats_history_buffer_size: 1048576
2020/10/15-19:52:15.177459 7f784cb5f700                          Options.max_open_files: 512
2020/10/15-19:52:15.177461 7f784cb5f700                          Options.bytes_per_sync: 1048576
2020/10/15-19:52:15.177463 7f784cb5f700                      Options.wal_bytes_per_sync: 0
2020/10/15-19:52:15.177465 7f784cb5f700                   Options.strict_bytes_per_sync: 0
2020/10/15-19:52:15.177466 7f784cb5f700       Options.compaction_readahead_size: 0
2020/10/15-19:52:15.177468 7f784cb5f700                  Options.max_background_flushes: -1
2020/10/15-19:52:15.177470 7f784cb5f700 Compression algorithms supported:
2020/10/15-19:52:15.177472 7f784cb5f700 	kZSTDNotFinalCompression supported: 0
2020/10/15-19:52:15.177474 7f784cb5f700 	kZSTD supported: 0
2020/10/15-19:52:15.177476 7f784cb5f700 	kXpressCompression supported: 0
2020/10/15-19:52:15.177478 7f784cb5f700 	kLZ4HCCompression supported: 0
2020/10/15-19:52:15.177500 7f784cb5f700 	kLZ4Compression supported: 0
2020/10/15-19:52:15.177504 7f784cb5f700 	kBZip2Compression supported: 0
2020/10/15-19:52:15.177506 7f784cb5f700 	kZlibCompression supported: 0
2020/10/15-19:52:15.177508 7f784cb5f700 	kSnappyCompression supported: 1
2020/10/15-19:52:15.177512 7f784cb5f700 Fast CRC32 supported: Supported on x86
2020/10/15-19:52:15.177634 7f784cb5f700 [db/version_set.cc:4555] Recovering from manifest file: chain2/chains/DevelopmentChain/db/ed610d82ff220c8e/overlayrecent/db/MANIFEST-000126
2020/10/15-19:52:15.177802 7f784cb5f700 [db/column_family.cc:579] --------------- Options for column family [default]:
2020/10/15-19:52:15.177806 7f784cb5f700               Options.comparator: leveldb.BytewiseComparator
2020/10/15-19:52:15.177807 7f784cb5f700           Options.merge_operator: None
2020/10/15-19:52:15.177809 7f784cb5f700        Options.compaction_filter: None
2020/10/15-19:52:15.177811 7f784cb5f700        Options.compaction_filter_factory: None
2020/10/15-19:52:15.177813 7f784cb5f700         Options.memtable_factory: SkipListFactory
2020/10/15-19:52:15.177815 7f784cb5f700            Options.table_factory: BlockBasedTable
2020/10/15-19:52:15.177871 7f784cb5f700            table_factory options:   flush_block_policy_factory: FlushBlockBySizePolicyFactory (0x561acc937b10)
  cache_index_and_filter_blocks: 0
  cache_index_and_filter_blocks_with_high_priority: 1
  pin_l0_filter_and_index_blocks_in_cache: 0
  pin_top_level_index_and_filter: 1
  index_type: 0
  data_block_index_type: 0
  index_shortening: 1
  data_block_hash_table_util_ratio: 0.750000
  hash_index_allow_collision: 1
  checksum: 1
  no_block_cache: 0
  block_cache: 0x561acc936830
  block_cache_name: LRUCache
  block_cache_options:
    capacity : 8388608
    num_shard_bits : 4
    strict_capacity_limit : 0
    memory_allocator : None
    high_pri_pool_ratio: 0.000
  block_cache_compressed: (nil)
  persistent_cache: (nil)
  block_size: 4096
  block_size_deviation: 10
  block_restart_interval: 16
  index_block_restart_interval: 1
  metadata_block_size: 4096
  partition_filters: 0
  use_delta_encoding: 1
  filter_policy: nullptr
  whole_key_filtering: 1
  verify_compression: 0
  read_amp_bytes_per_bit: 0
  format_version: 4
  enable_index_compression: 1
  block_align: 0
2020/10/15-19:52:15.177877 7f784cb5f700        Options.write_buffer_size: 67108864
2020/10/15-19:52:15.177880 7f784cb5f700  Options.max_write_buffer_number: 2
2020/10/15-19:52:15.177882 7f784cb5f700          Options.compression: Snappy
2020/10/15-19:52:15.177883 7f784cb5f700                  Options.bottommost_compression: Disabled
2020/10/15-19:52:15.177885 7f784cb5f700       Options.prefix_extractor: nullptr
2020/10/15-19:52:15.177887 7f784cb5f700   Options.memtable_insert_with_hint_prefix_extractor: nullptr
2020/10/15-19:52:15.177889 7f784cb5f700             Options.num_levels: 7
2020/10/15-19:52:15.177890 7f784cb5f700        Options.min_write_buffer_number_to_merge: 1
2020/10/15-19:52:15.177892 7f784cb5f700     Options.max_write_buffer_number_to_maintain: 0
2020/10/15-19:52:15.177894 7f784cb5f700     Options.max_write_buffer_size_to_maintain: 0
2020/10/15-19:52:15.177895 7f784cb5f700            Options.bottommost_compression_opts.window_bits: -14
2020/10/15-19:52:15.177897 7f784cb5f700                  Options.bottommost_compression_opts.level: 32767
2020/10/15-19:52:15.177899 7f784cb5f700               Options.bottommost_compression_opts.strategy: 0
2020/10/15-19:52:15.177901 7f784cb5f700         Options.bottommost_compression_opts.max_dict_bytes: 0
2020/10/15-19:52:15.177903 7f784cb5f700         Options.bottommost_compression_opts.zstd_max_train_bytes: 0
2020/10/15-19:52:15.177904 7f784cb5f700         Options.bottommost_compression_opts.parallel_threads: 1
2020/10/15-19:52:15.177906 7f784cb5f700                  Options.bottommost_compression_opts.enabled: false
2020/10/15-19:52:15.177908 7f784cb5f700            Options.compression_opts.window_bits: -14
2020/10/15-19:52:15.177910 7f784cb5f700                  Options.compression_opts.level: 32767
2020/10/15-19:52:15.177929 7f784cb5f700               Options.compression_opts.strategy: 0
2020/10/15-19:52:15.177931 7f784cb5f700         Options.compression_opts.max_dict_bytes: 0
2020/10/15-19:52:15.177933 7f784cb5f700         Options.compression_opts.zstd_max_train_bytes: 0
2020/10/15-19:52:15.177935 7f784cb5f700         Options.compression_opts.parallel_threads: 1
2020/10/15-19:52:15.177937 7f784cb5f700                  Options.compression_opts.enabled: false
2020/10/15-19:52:15.177938 7f784cb5f700      Options.level0_file_num_compaction_trigger: 4
2020/10/15-19:52:15.177940 7f784cb5f700          Options.level0_slowdown_writes_trigger: 20
2020/10/15-19:52:15.177942 7f784cb5f700              Options.level0_stop_writes_trigger: 36
2020/10/15-19:52:15.177943 7f784cb5f700                   Options.target_file_size_base: 67108864
2020/10/15-19:52:15.177945 7f784cb5f700             Options.target_file_size_multiplier: 1
2020/10/15-19:52:15.177947 7f784cb5f700                Options.max_bytes_for_level_base: 268435456
2020/10/15-19:52:15.177949 7f784cb5f700 Options.level_compaction_dynamic_level_bytes: 0
2020/10/15-19:52:15.177950 7f784cb5f700          Options.max_bytes_for_level_multiplier: 10.000000
2020/10/15-19:52:15.177954 7f784cb5f700 Options.max_bytes_for_level_multiplier_addtl[0]: 1
2020/10/15-19:52:15.177956 7f784cb5f700 Options.max_bytes_for_level_multiplier_addtl[1]: 1
2020/10/15-19:52:15.177958 7f784cb5f700 Options.max_bytes_for_level_multiplier_addtl[2]: 1
2020/10/15-19:52:15.177960 7f784cb5f700 Options.max_bytes_for_level_multiplier_addtl[3]: 1
2020/10/15-19:52:15.177962 7f784cb5f700 Options.max_bytes_for_level_multiplier_addtl[4]: 1
2020/10/15-19:52:15.177964 7f784cb5f700 Options.max_bytes_for_level_multiplier_addtl[5]: 1
2020/10/15-19:52:15.177965 7f784cb5f700 Options.max_bytes_for_level_multiplier_addtl[6]: 1
2020/10/15-19:52:15.177967 7f784cb5f700       Options.max_sequential_skip_in_iterations: 8
2020/10/15-19:52:15.177969 7f784cb5f700                    Options.max_compaction_bytes: 1677721600
2020/10/15-19:52:15.177970 7f784cb5f700                        Options.arena_block_size: 8388608
2020/10/15-19:52:15.177972 7f784cb5f700   Options.soft_pending_compaction_bytes_limit: 68719476736
2020/10/15-19:52:15.177974 7f784cb5f700   Options.hard_pending_compaction_bytes_limit: 274877906944
2020/10/15-19:52:15.177976 7f784cb5f700       Options.rate_limit_delay_max_milliseconds: 100
2020/10/15-19:52:15.177978 7f784cb5f700                Options.disable_auto_compactions: 0
2020/10/15-19:52:15.177981 7f784cb5f700                        Options.compaction_style: kCompactionStyleLevel
2020/10/15-19:52:15.177983 7f784cb5f700                          Options.compaction_pri: kMinOverlappingRatio
2020/10/15-19:52:15.177985 7f784cb5f700 Options.compaction_options_universal.size_ratio: 1
2020/10/15-19:52:15.177986 7f784cb5f700 Options.compaction_options_universal.min_merge_width: 2
2020/10/15-19:52:15.177988 7f784cb5f700 Options.compaction_options_universal.max_merge_width: 4294967295
2020/10/15-19:52:15.177990 7f784cb5f700 Options.compaction_options_universal.max_size_amplification_percent: 200
2020/10/15-19:52:15.177992 7f784cb5f700 Options.compaction_options_universal.compression_size_percent: -1
2020/10/15-19:52:15.177994 7f784cb5f700 Options.compaction_options_universal.stop_style: kCompactionStopStyleTotalSize
2020/10/15-19:52:15.177995 7f784cb5f700 Options.compaction_options_fifo.max_table_files_size: 1073741824
2020/10/15-19:52:15.177997 7f784cb5f700 Options.compaction_options_fifo.allow_compaction: 0
2020/10/15-19:52:15.178005 7f784cb5f700                   Options.table_properties_collectors: 
2020/10/15-19:52:15.178007 7f784cb5f700                   Options.inplace_update_support: 0
2020/10/15-19:52:15.178008 7f784cb5f700                 Options.inplace_update_num_locks: 10000
2020/10/15-19:52:15.178010 7f784cb5f700               Options.memtable_prefix_bloom_size_ratio: 0.000000
2020/10/15-19:52:15.178013 7f784cb5f700               Options.memtable_whole_key_filtering: 0
2020/10/15-19:52:15.178024 7f784cb5f700   Options.memtable_huge_page_size: 0
2020/10/15-19:52:15.178026 7f784cb5f700                           Options.bloom_locality: 0
2020/10/15-19:52:15.178028 7f784cb5f700                    Options.max_successive_merges: 0
2020/10/15-19:52:15.178030 7f784cb5f700                Options.optimize_filters_for_hits: 0
2020/10/15-19:52:15.178031 7f784cb5f700                Options.paranoid_file_checks: 0
2020/10/15-19:52:15.178033 7f784cb5f700                Options.force_consistency_checks: 0
2020/10/15-19:52:15.178034 7f784cb5f700                Options.report_bg_io_stats: 0
2020/10/15-19:52:15.178036 7f784cb5f700                               Options.ttl: 2592000
2020/10/15-19:52:15.178038 7f784cb5f700          Options.periodic_compaction_seconds: 0
2020/10/15-19:52:15.178130 7f784cb5f700 [db/column_family.cc:579] --------------- Options for column family [col0]:
2020/10/15-19:52:15.178134 7f784cb5f700               Options.comparator: leveldb.BytewiseComparator
2020/10/15-19:52:15.178135 7f784cb5f700           Options.merge_operator: None
2020/10/15-19:52:15.178137 7f784cb5f700        Options.compaction_filter: None
2020/10/15-19:52:15.178139 7f784cb5f700        Options.compaction_filter_factory: None
2020/10/15-19:52:15.178141 7f784cb5f700         Options.memtable_factory: SkipListFactory
2020/10/15-19:52:15.178143 7f784cb5f700            Options.table_factory: BlockBasedTable
2020/10/15-19:52:15.178182 7f784cb5f700            table_factory options:   flush_block_policy_factory: FlushBlockBySizePolicyFactory (0x561acc934ba0)
  cache_index_and_filter_blocks: 1
  cache_index_and_filter_blocks_with_high_priority: 1
  pin_l0_filter_and_index_blocks_in_cache: 1
  pin_top_level_index_and_filter: 1
  index_type: 0
  data_block_index_type: 0
  index_shortening: 1
  data_block_hash_table_util_ratio: 0.750000
  hash_index_allow_collision: 1
  checksum: 1
  no_block_cache: 0
  block_cache: 0x561acc92c250
  block_cache_name: LRUCache
  block_cache_options:
    capacity : 134217728
    num_shard_bits : 6
    strict_capacity_limit : 0
    memory_allocator : None
    high_pri_pool_ratio: 0.500
  block_cache_compressed: (nil)
  persistent_cache: (nil)
  block_size: 16384
  block_size_deviation: 10
  block_restart_interval: 16
  index_block_restart_interval: 1
  metadata_block_size: 4096
  partition_filters: 0
  use_delta_encoding: 1
  filter_policy: rocksdb.BuiltinBloomFilter
  whole_key_filtering: 1
  verify_compression: 0
  read_amp_bytes_per_bit: 0
  format_version: 4
  enable_index_compression: 1
  block_align: 0
2020/10/15-19:52:15.178192 7f784cb5f700        Options.write_buffer_size: 67108864
2020/10/15-19:52:15.178194 7f784cb5f700  Options.max_write_buffer_number: 6
2020/10/15-19:52:15.178196 7f784cb5f700          Options.compression: Snappy
2020/10/15-19:52:15.178198 7f784cb5f700                  Options.bottommost_compression: Disabled
2020/10/15-19:52:15.178200 7f784cb5f700       Options.prefix_extractor: nullptr
2020/10/15-19:52:15.178201 7f784cb5f700   Options.memtable_insert_with_hint_prefix_extractor: nullptr
2020/10/15-19:52:15.178203 7f784cb5f700             Options.num_levels: 7
2020/10/15-19:52:15.178204 7f784cb5f700        Options.min_write_buffer_number_to_merge: 2
2020/10/15-19:52:15.178206 7f784cb5f700     Options.max_write_buffer_number_to_maintain: 0
2020/10/15-19:52:15.178208 7f784cb5f700     Options.max_write_buffer_size_to_maintain: 0
2020/10/15-19:52:15.178210 7f784cb5f700            Options.bottommost_compression_opts.window_bits: -14
2020/10/15-19:52:15.178211 7f784cb5f700                  Options.bottommost_compression_opts.level: 32767
2020/10/15-19:52:15.178213 7f784cb5f700               Options.bottommost_compression_opts.strategy: 0
2020/10/15-19:52:15.178215 7f784cb5f700         Options.bottommost_compression_opts.max_dict_bytes: 0
2020/10/15-19:52:15.178217 7f784cb5f700         Options.bottommost_compression_opts.zstd_max_train_bytes: 0
2020/10/15-19:52:15.178218 7f784cb5f700         Options.bottommost_compression_opts.parallel_threads: 1
2020/10/15-19:52:15.178220 7f784cb5f700                  Options.bottommost_compression_opts.enabled: false
2020/10/15-19:52:15.178234 7f784cb5f700            Options.compression_opts.window_bits: -14
2020/10/15-19:52:15.178237 7f784cb5f700                  Options.compression_opts.level: 32767
2020/10/15-19:52:15.178238 7f784cb5f700               Options.compression_opts.strategy: 0
2020/10/15-19:52:15.178240 7f784cb5f700         Options.compression_opts.max_dict_bytes: 0
2020/10/15-19:52:15.178241 7f784cb5f700         Options.compression_opts.zstd_max_train_bytes: 0
2020/10/15-19:52:15.178243 7f784cb5f700         Options.compression_opts.parallel_threads: 1
2020/10/15-19:52:15.178245 7f784cb5f700                  Options.compression_opts.enabled: false
2020/10/15-19:52:15.178246 7f784cb5f700      Options.level0_file_num_compaction_trigger: 2
2020/10/15-19:52:15.178248 7f784cb5f700          Options.level0_slowdown_writes_trigger: 20
2020/10/15-19:52:15.178249 7f784cb5f700              Options.level0_stop_writes_trigger: 36
2020/10/15-19:52:15.178251 7f784cb5f700                   Options.target_file_size_base: 67108864
2020/10/15-19:52:15.178253 7f784cb5f700             Options.target_file_size_multiplier: 1
2020/10/15-19:52:15.178254 7f784cb5f700                Options.max_bytes_for_level_base: 268435456
2020/10/15-19:52:15.178256 7f784cb5f700 Options.level_compaction_dynamic_level_bytes: 1
2020/10/15-19:52:15.178258 7f784cb5f700          Options.max_bytes_for_level_multiplier: 10.000000
2020/10/15-19:52:15.178260 7f784cb5f700 Options.max_bytes_for_level_multiplier_addtl[0]: 1
2020/10/15-19:52:15.178262 7f784cb5f700 Options.max_bytes_for_level_multiplier_addtl[1]: 1
2020/10/15-19:52:15.178264 7f784cb5f700 Options.max_bytes_for_level_multiplier_addtl[2]: 1
2020/10/15-19:52:15.178266 7f784cb5f700 Options.max_bytes_for_level_multiplier_addtl[3]: 1
2020/10/15-19:52:15.178268 7f784cb5f700 Options.max_bytes_for_level_multiplier_addtl[4]: 1
2020/10/15-19:52:15.178270 7f784cb5f700 Options.max_bytes_for_level_multiplier_addtl[5]: 1
2020/10/15-19:52:15.178271 7f784cb5f700 Options.max_bytes_for_level_multiplier_addtl[6]: 1
2020/10/15-19:52:15.178273 7f784cb5f700       Options.max_sequential_skip_in_iterations: 8
2020/10/15-19:52:15.178275 7f784cb5f700                    Options.max_compaction_bytes: 1677721600
2020/10/15-19:52:15.178277 7f784cb5f700                        Options.arena_block_size: 8388608
2020/10/15-19:52:15.178278 7f784cb5f700   Options.soft_pending_compaction_bytes_limit: 68719476736
2020/10/15-19:52:15.178280 7f784cb5f700   Options.hard_pending_compaction_bytes_limit: 274877906944
2020/10/15-19:52:15.178282 7f784cb5f700       Options.rate_limit_delay_max_milliseconds: 100
2020/10/15-19:52:15.178284 7f784cb5f700                Options.disable_auto_compactions: 0
2020/10/15-19:52:15.178286 7f784cb5f700                        Options.compaction_style: kCompactionStyleLevel
2020/10/15-19:52:15.178288 7f784cb5f700                          Options.compaction_pri: kMinOverlappingRatio
2020/10/15-19:52:15.178290 7f784cb5f700 Options.compaction_options_universal.size_ratio: 1
2020/10/15-19:52:15.178291 7f784cb5f700 Options.compaction_options_universal.min_merge_width: 2
2020/10/15-19:52:15.178293 7f784cb5f700 Options.compaction_options_universal.max_merge_width: 4294967295
2020/10/15-19:52:15.178295 7f784cb5f700 Options.compaction_options_universal.max_size_amplification_percent: 200
2020/10/15-19:52:15.178297 7f784cb5f700 Options.compaction_options_universal.compression_size_percent: -1
2020/10/15-19:52:15.178299 7f784cb5f700 Options.compaction_options_universal.stop_style: kCompactionStopStyleTotalSize
2020/10/15-19:52:15.178301 7f784cb5f700 Options.compaction_options_fifo.max_table_files_size: 1073741824
2020/10/15-19:52:15.178302 7f784cb5f700 Options.compaction_options_fifo.allow_compaction: 0
2020/10/15-19:52:15.178306 7f784cb5f700                   Options.table_properties_collectors: 
2020/10/15-19:52:15.178308 7f784cb5f700                   Options.inplace_update_support: 0
2020/10/15-19:52:15.178310 7f784cb5f700                 Options.inplace_update_num_locks: 10000
2020/10/15-19:52:15.178322 7f784cb5f700               Options.memtable_prefix_bloom_size_ratio: 0.000000
2020/10/15-19:52:15.178325 7f784cb5f700               Options.memtable_whole_key_filtering: 0
2020/10/15-19:52:15.178326 7f784cb5f700   Options.memtable_huge_page_size: 0
2020/10/15-19:52:15.178328 7f784cb5f700                           Options.bloom_locality: 0
2020/10/15-19:52:15.178330 7f784cb5f700                    Options.max_successive_merges: 0
2020/10/15-19:52:15.178332 7f784cb5f700                Options.optimize_filters_for_hits: 0
2020/10/15-19:52:15.178333 7f784cb5f700                Options.paranoid_file_checks: 0
2020/10/15-19:52:15.178335 7f784cb5f700                Options.force_consistency_checks: 0
2020/10/15-19:52:15.178336 7f784cb5f700                Options.report_bg_io_stats: 0
2020/10/15-19:52:15.178338 7f784cb5f700                               Options.ttl: 2592000
2020/10/15-19:52:15.178340 7f784cb5f700          Options.periodic_compaction_seconds: 0
2020/10/15-19:52:15.178415 7f784cb5f700 [db/column_family.cc:579] --------------- Options for column family [col1]:
2020/10/15-19:52:15.178418 7f784cb5f700               Options.comparator: leveldb.BytewiseComparator
2020/10/15-19:52:15.178420 7f784cb5f700           Options.merge_operator: None
2020/10/15-19:52:15.178422 7f784cb5f700        Options.compaction_filter: None
2020/10/15-19:52:15.178424 7f784cb5f700        Options.compaction_filter_factory: None
2020/10/15-19:52:15.178425 7f784cb5f700         Options.memtable_factory: SkipListFactory
2020/10/15-19:52:15.178427 7f784cb5f700            Options.table_factory: BlockBasedTable
2020/10/15-19:52:15.178458 7f784cb5f700            table_factory options:   flush_block_policy_factory: FlushBlockBySizePolicyFactory (0x561acc933740)
  cache_index_and_filter_blocks: 1
  cache_index_and_filter_blocks_with_high_priority: 1
  pin_l0_filter_and_index_blocks_in_cache: 1
  pin_top_level_index_and_filter: 1
  index_type: 0
  data_block_index_type: 0
  index_shortening: 1
  data_block_hash_table_util_ratio: 0.750000
  hash_index_allow_collision: 1
  checksum: 1
  no_block_cache: 0
  block_cache: 0x561acc92c250
  block_cache_name: LRUCache
  block_cache_options:
    capacity : 134217728
    num_shard_bits : 6
    strict_capacity_limit : 0
    memory_allocator : None
    high_pri_pool_ratio: 0.500
  block_cache_compressed: (nil)
  persistent_cache: (nil)
  block_size: 16384
  block_size_deviation: 10
  block_restart_interval: 16
  index_block_restart_interval: 1
  metadata_block_size: 4096
  partition_filters: 0
  use_delta_encoding: 1
  filter_policy: rocksdb.BuiltinBloomFilter
  whole_key_filtering: 1
  verify_compression: 0
  read_amp_bytes_per_bit: 0
  format_version: 4
  enable_index_compression: 1
  block_align: 0
2020/10/15-19:52:15.178461 7f784cb5f700        Options.write_buffer_size: 4194304
2020/10/15-19:52:15.178462 7f784cb5f700  Options.max_write_buffer_number: 6
2020/10/15-19:52:15.178464 7f784cb5f700          Options.compression: Snappy
2020/10/15-19:52:15.178466 7f784cb5f700                  Options.bottommost_compression: Disabled
2020/10/15-19:52:15.178468 7f784cb5f700       Options.prefix_extractor: nullptr
2020/10/15-19:52:15.178469 7f784cb5f700   Options.memtable_insert_with_hint_prefix_extractor: nullptr
2020/10/15-19:52:15.178471 7f784cb5f700             Options.num_levels: 7
2020/10/15-19:52:15.178473 7f784cb5f700        Options.min_write_buffer_number_to_merge: 2
2020/10/15-19:52:15.178475 7f784cb5f700     Options.max_write_buffer_number_to_maintain: 0
2020/10/15-19:52:15.178476 7f784cb5f700     Options.max_write_buffer_size_to_maintain: 0
2020/10/15-19:52:15.178478 7f784cb5f700            Options.bottommost_compression_opts.window_bits: -14
2020/10/15-19:52:15.178480 7f784cb5f700                  Options.bottommost_compression_opts.level: 32767
2020/10/15-19:52:15.178482 7f784cb5f700               Options.bottommost_compression_opts.strategy: 0
2020/10/15-19:52:15.178483 7f784cb5f700         Options.bottommost_compression_opts.max_dict_bytes: 0
2020/10/15-19:52:15.178499 7f784cb5f700         Options.bottommost_compression_opts.zstd_max_train_bytes: 0
2020/10/15-19:52:15.178501 7f784cb5f700         Options.bottommost_compression_opts.parallel_threads: 1
2020/10/15-19:52:15.178503 7f784cb5f700                  Options.bottommost_compression_opts.enabled: false
2020/10/15-19:52:15.178504 7f784cb5f700            Options.compression_opts.window_bits: -14
2020/10/15-19:52:15.178506 7f784cb5f700                  Options.compression_opts.level: 32767
2020/10/15-19:52:15.178508 7f784cb5f700               Options.compression_opts.strategy: 0
2020/10/15-19:52:15.178510 7f784cb5f700         Options.compression_opts.max_dict_bytes: 0
2020/10/15-19:52:15.178511 7f784cb5f700         Options.compression_opts.zstd_max_train_bytes: 0
2020/10/15-19:52:15.178513 7f784cb5f700         Options.compression_opts.parallel_threads: 1
2020/10/15-19:52:15.178515 7f784cb5f700                  Options.compression_opts.enabled: false
2020/10/15-19:52:15.178517 7f784cb5f700      Options.level0_file_num_compaction_trigger: 2
2020/10/15-19:52:15.178518 7f784cb5f700          Options.level0_slowdown_writes_trigger: 20
2020/10/15-19:52:15.178520 7f784cb5f700              Options.level0_stop_writes_trigger: 36
2020/10/15-19:52:15.178522 7f784cb5f700                   Options.target_file_size_base: 67108864
2020/10/15-19:52:15.178524 7f784cb5f700             Options.target_file_size_multiplier: 1
2020/10/15-19:52:15.178525 7f784cb5f700                Options.max_bytes_for_level_base: 16777216
2020/10/15-19:52:15.178527 7f784cb5f700 Options.level_compaction_dynamic_level_bytes: 1
2020/10/15-19:52:15.178529 7f784cb5f700          Options.max_bytes_for_level_multiplier: 10.000000
2020/10/15-19:52:15.178532 7f784cb5f700 Options.max_bytes_for_level_multiplier_addtl[0]: 1
2020/10/15-19:52:15.178534 7f784cb5f700 Options.max_bytes_for_level_multiplier_addtl[1]: 1
2020/10/15-19:52:15.178535 7f784cb5f700 Options.max_bytes_for_level_multiplier_addtl[2]: 1
2020/10/15-19:52:15.178537 7f784cb5f700 Options.max_bytes_for_level_multiplier_addtl[3]: 1
2020/10/15-19:52:15.178539 7f784cb5f700 Options.max_bytes_for_level_multiplier_addtl[4]: 1
2020/10/15-19:52:15.178541 7f784cb5f700 Options.max_bytes_for_level_multiplier_addtl[5]: 1
2020/10/15-19:52:15.178542 7f784cb5f700 Options.max_bytes_for_level_multiplier_addtl[6]: 1
2020/10/15-19:52:15.178544 7f784cb5f700       Options.max_sequential_skip_in_iterations: 8
2020/10/15-19:52:15.178546 7f784cb5f700                    Options.max_compaction_bytes: 1677721600
2020/10/15-19:52:15.178548 7f784cb5f700                        Options.arena_block_size: 524288
2020/10/15-19:52:15.178550 7f784cb5f700   Options.soft_pending_compaction_bytes_limit: 68719476736
2020/10/15-19:52:15.178552 7f784cb5f700   Options.hard_pending_compaction_bytes_limit: 274877906944
2020/10/15-19:52:15.178553 7f784cb5f700       Options.rate_limit_delay_max_milliseconds: 100
2020/10/15-19:52:15.178555 7f784cb5f700                Options.disable_auto_compactions: 0
2020/10/15-19:52:15.178557 7f784cb5f700                        Options.compaction_style: kCompactionStyleLevel
2020/10/15-19:52:15.178559 7f784cb5f700                          Options.compaction_pri: kMinOverlappingRatio
2020/10/15-19:52:15.178561 7f784cb5f700 Options.compaction_options_universal.size_ratio: 1
2020/10/15-19:52:15.178562 7f784cb5f700 Options.compaction_options_universal.min_merge_width: 2
2020/10/15-19:52:15.178564 7f784cb5f700 Options.compaction_options_universal.max_merge_width: 4294967295
2020/10/15-19:52:15.178566 7f784cb5f700 Options.compaction_options_universal.max_size_amplification_percent: 200
2020/10/15-19:52:15.178568 7f784cb5f700 Options.compaction_options_universal.compression_size_percent: -1
2020/10/15-19:52:15.178570 7f784cb5f700 Options.compaction_options_universal.stop_style: kCompactionStopStyleTotalSize
2020/10/15-19:52:15.178571 7f784cb5f700 Options.compaction_options_fifo.max_table_files_size: 1073741824
2020/10/15-19:52:15.178573 7f784cb5f700 Options.compaction_options_fifo.allow_compaction: 0
2020/10/15-19:52:15.178586 7f784cb5f700                   Options.table_properties_collectors: 
2020/10/15-19:52:15.178589 7f784cb5f700                   Options.inplace_update_support: 0
2020/10/15-19:52:15.178590 7f784cb5f700                 Options.inplace_update_num_locks: 10000
2020/10/15-19:52:15.178592 7f784cb5f700               Options.memtable_prefix_bloom_size_ratio: 0.000000
2020/10/15-19:52:15.178595 7f784cb5f700               Options.memtable_whole_key_filtering: 0
2020/10/15-19:52:15.178596 7f784cb5f700   Options.memtable_huge_page_size: 0
2020/10/15-19:52:15.178598 7f784cb5f700                           Options.bloom_locality: 0
2020/10/15-19:52:15.178600 7f784cb5f700                    Options.max_successive_merges: 0
2020/10/15-19:52:15.178602 7f784cb5f700                Options.optimize_filters_for_hits: 0
2020/10/15-19:52:15.178603 7f784cb5f700                Options.paranoid_file_checks: 0
2020/10/15-19:52:15.178605 7f784cb5f700                Options.force_consistency_checks: 0
2020/10/15-19:52:15.178607 7f784cb5f700                Options.report_bg_io_stats: 0
2020/10/15-19:52:15.178609 7f784cb5f700                               Options.ttl: 2592000
2020/10/15-19:52:15.178610 7f784cb5f700          Options.periodic_compaction_seconds: 0
2020/10/15-19:52:15.178668 7f784cb5f700 [db/column_family.cc:579] --------------- Options for column family [col2]:
2020/10/15-19:52:15.178671 7f784cb5f700               Options.comparator: leveldb.BytewiseComparator
2020/10/15-19:52:15.178673 7f784cb5f700           Options.merge_operator: None
2020/10/15-19:52:15.178674 7f784cb5f700        Options.compaction_filter: None
2020/10/15-19:52:15.178676 7f784cb5f700        Options.compaction_filter_factory: None
2020/10/15-19:52:15.178677 7f784cb5f700         Options.memtable_factory: SkipListFactory
2020/10/15-19:52:15.178679 7f784cb5f700            Options.table_factory: BlockBasedTable
2020/10/15-19:52:15.178714 7f784cb5f700            table_factory options:   flush_block_policy_factory: FlushBlockBySizePolicyFactory (0x561acc933f50)
  cache_index_and_filter_blocks: 1
  cache_index_and_filter_blocks_with_high_priority: 1
  pin_l0_filter_and_index_blocks_in_cache: 1
  pin_top_level_index_and_filter: 1
  index_type: 0
  data_block_index_type: 0
  index_shortening: 1
  data_block_hash_table_util_ratio: 0.750000
  hash_index_allow_collision: 1
  checksum: 1
  no_block_cache: 0
  block_cache: 0x561acc92c250
  block_cache_name: LRUCache
  block_cache_options:
    capacity : 134217728
    num_shard_bits : 6
    strict_capacity_limit : 0
    memory_allocator : None
    high_pri_pool_ratio: 0.500
  block_cache_compressed: (nil)
  persistent_cache: (nil)
  block_size: 16384
  block_size_deviation: 10
  block_restart_interval: 16
  index_block_restart_interval: 1
  metadata_block_size: 4096
  partition_filters: 0
  use_delta_encoding: 1
  filter_policy: rocksdb.BuiltinBloomFilter
  whole_key_filtering: 1
  verify_compression: 0
  read_amp_bytes_per_bit: 0
  format_version: 4
  enable_index_compression: 1
  block_align: 0
2020/10/15-19:52:15.178726 7f784cb5f700        Options.write_buffer_size: 4194304
2020/10/15-19:52:15.178728 7f784cb5f700  Options.max_write_buffer_number: 6
2020/10/15-19:52:15.178729 7f784cb5f700          Options.compression: Snappy
2020/10/15-19:52:15.178731 7f784cb5f700                  Options.bottommost_compression: Disabled
2020/10/15-19:52:15.178732 7f784cb5f700       Options.prefix_extractor: nullptr
2020/10/15-19:52:15.178734 7f784cb5f700   Options.memtable_insert_with_hint_prefix_extractor: nullptr
2020/10/15-19:52:15.178735 7f784cb5f700             Options.num_levels: 7
2020/10/15-19:52:15.178736 7f784cb5f700        Options.min_write_buffer_number_to_merge: 2
2020/10/15-19:52:15.178738 7f784cb5f700     Options.max_write_buffer_number_to_maintain: 0
2020/10/15-19:52:15.178739 7f784cb5f700     Options.max_write_buffer_size_to_maintain: 0
2020/10/15-19:52:15.178741 7f784cb5f700            Options.bottommost_compression_opts.window_bits: -14
2020/10/15-19:52:15.178915 7f784cb5f700                  Options.bottommost_compression_opts.level: 32767
2020/10/15-19:52:15.178936 7f784cb5f700               Options.bottommost_compression_opts.strategy: 0
2020/10/15-19:52:15.178938 7f784cb5f700         Options.bottommost_compression_opts.max_dict_bytes: 0
2020/10/15-19:52:15.178940 7f784cb5f700         Options.bottommost_compression_opts.zstd_max_train_bytes: 0
2020/10/15-19:52:15.178942 7f784cb5f700         Options.bottommost_compression_opts.parallel_threads: 1
2020/10/15-19:52:15.178943 7f784cb5f700                  Options.bottommost_compression_opts.enabled: false
2020/10/15-19:52:15.178945 7f784cb5f700            Options.compression_opts.window_bits: -14
2020/10/15-19:52:15.178947 7f784cb5f700                  Options.compression_opts.level: 32767
2020/10/15-19:52:15.178949 7f784cb5f700               Options.compression_opts.strategy: 0
2020/10/15-19:52:15.178951 7f784cb5f700         Options.compression_opts.max_dict_bytes: 0
2020/10/15-19:52:15.178952 7f784cb5f700         Options.compression_opts.zstd_max_train_bytes: 0
2020/10/15-19:52:15.178954 7f784cb5f700         Options.compression_opts.parallel_threads: 1
2020/10/15-19:52:15.178956 7f784cb5f700                  Options.compression_opts.enabled: false
2020/10/15-19:52:15.178957 7f784cb5f700      Options.level0_file_num_compaction_trigger: 2
2020/10/15-19:52:15.178959 7f784cb5f700          Options.level0_slowdown_writes_trigger: 20
2020/10/15-19:52:15.178961 7f784cb5f700              Options.level0_stop_writes_trigger: 36
2020/10/15-19:52:15.178989 7f784cb5f700                   Options.target_file_size_base: 67108864
2020/10/15-19:52:15.178992 7f784cb5f700             Options.target_file_size_multiplier: 1
2020/10/15-19:52:15.178993 7f784cb5f700                Options.max_bytes_for_level_base: 16777216
2020/10/15-19:52:15.178995 7f784cb5f700 Options.level_compaction_dynamic_level_bytes: 1
2020/10/15-19:52:15.178997 7f784cb5f700          Options.max_bytes_for_level_multiplier: 10.000000
2020/10/15-19:52:15.179001 7f784cb5f700 Options.max_bytes_for_level_multiplier_addtl[0]: 1
2020/10/15-19:52:15.179003 7f784cb5f700 Options.max_bytes_for_level_multiplier_addtl[1]: 1
2020/10/15-19:52:15.179005 7f784cb5f700 Options.max_bytes_for_level_multiplier_addtl[2]: 1
2020/10/15-19:52:15.179007 7f784cb5f700 Options.max_bytes_for_level_multiplier_addtl[3]: 1
2020/10/15-19:52:15.179009 7f784cb5f700 Options.max_bytes_for_level_multiplier_addtl[4]: 1
2020/10/15-19:52:15.179010 7f784cb5f700 Options.max_bytes_for_level_multiplier_addtl[5]: 1
2020/10/15-19:52:15.179012 7f784cb5f700 Options.max_bytes_for_level_multiplier_addtl[6]: 1
2020/10/15-19:52:15.179014 7f784cb5f700       Options.max_sequential_skip_in_iterations: 8
2020/10/15-19:52:15.179016 7f784cb5f700                    Options.max_compaction_bytes: 1677721600
2020/10/15-19:52:15.179018 7f784cb5f700                        Options.arena_block_size: 524288
2020/10/15-19:52:15.179019 7f784cb5f700   Options.soft_pending_compaction_bytes_limit: 68719476736
