2020/10/15-19:52:15.355810 7faf341fc700 RocksDB version: 6.11.4
2020/10/15-19:52:15.355838 7faf341fc700 Git sha rocksdb_build_git_sha:@48bfca38f6f175435052a59791922a1a453d9609@
2020/10/15-19:52:15.355840 7faf341fc700 Compile date Oct  3 2020
2020/10/15-19:52:15.355845 7faf341fc700 DB SUMMARY
2020/10/15-19:52:15.355885 7faf341fc700 CURRENT file:  CURRENT
2020/10/15-19:52:15.355887 7faf341fc700 IDENTITY file:  IDENTITY
2020/10/15-19:52:15.355891 7faf341fc700 MANIFEST file:  MANIFEST-000109 size: 1428 Bytes
2020/10/15-19:52:15.355893 7faf341fc700 SST files in s4/chains/DevelopmentChain/db/ed610d82ff220c8e/overlayrecent/db dir, Total Num: 8, files: 000026.sst 000027.sst 000028.sst 000029.sst 000104.sst 000105.sst 000107.sst 000108.sst 
2020/10/15-19:52:15.355894 7faf341fc700 Write Ahead Log file in s4/chains/DevelopmentChain/db/ed610d82ff220c8e/overlayrecent/db: 000110.log size: 143 ; 
2020/10/15-19:52:15.355895 7faf341fc700                         Options.error_if_exists: 0
2020/10/15-19:52:15.355897 7faf341fc700                       Options.create_if_missing: 1
2020/10/15-19:52:15.355898 7faf341fc700                         Options.paranoid_checks: 1
2020/10/15-19:52:15.355899 7faf341fc700                                     Options.env: 0x5558d176b440
2020/10/15-19:52:15.355900 7faf341fc700                                      Options.fs: Posix File System
2020/10/15-19:52:15.355901 7faf341fc700                                Options.info_log: 0x5558d26ff6d0
2020/10/15-19:52:15.355902 7faf341fc700                Options.max_file_opening_threads: 16
2020/10/15-19:52:15.355903 7faf341fc700                              Options.statistics: (nil)
2020/10/15-19:52:15.355904 7faf341fc700                               Options.use_fsync: 0
2020/10/15-19:52:15.355905 7faf341fc700                       Options.max_log_file_size: 0
2020/10/15-19:52:15.355906 7faf341fc700                  Options.max_manifest_file_size: 1073741824
2020/10/15-19:52:15.355907 7faf341fc700                   Options.log_file_time_to_roll: 0
2020/10/15-19:52:15.355908 7faf341fc700                       Options.keep_log_file_num: 1
2020/10/15-19:52:15.355909 7faf341fc700                    Options.recycle_log_file_num: 0
2020/10/15-19:52:15.355910 7faf341fc700                         Options.allow_fallocate: 1
2020/10/15-19:52:15.355911 7faf341fc700                        Options.allow_mmap_reads: 0
2020/10/15-19:52:15.355912 7faf341fc700                       Options.allow_mmap_writes: 0
2020/10/15-19:52:15.355913 7faf341fc700                        Options.use_direct_reads: 0
2020/10/15-19:52:15.355914 7faf341fc700                        Options.use_direct_io_for_flush_and_compaction: 0
2020/10/15-19:52:15.355915 7faf341fc700          Options.create_missing_column_families: 0
2020/10/15-19:52:15.355915 7faf341fc700                              Options.db_log_dir: 
2020/10/15-19:52:15.355916 7faf341fc700                                 Options.wal_dir: s4/chains/DevelopmentChain/db/ed610d82ff220c8e/overlayrecent/db
2020/10/15-19:52:15.355917 7faf341fc700                Options.table_cache_numshardbits: 6
2020/10/15-19:52:15.355918 7faf341fc700                      Options.max_subcompactions: 1
2020/10/15-19:52:15.355919 7faf341fc700                         Options.WAL_ttl_seconds: 0
2020/10/15-19:52:15.355920 7faf341fc700                       Options.WAL_size_limit_MB: 0
2020/10/15-19:52:15.355921 7faf341fc700                        Options.max_write_batch_group_size_bytes: 1048576
2020/10/15-19:52:15.355922 7faf341fc700             Options.manifest_preallocation_size: 4194304
2020/10/15-19:52:15.355923 7faf341fc700                     Options.is_fd_close_on_exec: 1
2020/10/15-19:52:15.355924 7faf341fc700                   Options.advise_random_on_open: 1
2020/10/15-19:52:15.355925 7faf341fc700                    Options.db_write_buffer_size: 0
2020/10/15-19:52:15.355926 7faf341fc700                    Options.write_buffer_manager: 0x5558d26fdb50
2020/10/15-19:52:15.355927 7faf341fc700         Options.access_hint_on_compaction_start: 1
2020/10/15-19:52:15.355928 7faf341fc700  Options.new_table_reader_for_compaction_inputs: 0
2020/10/15-19:52:15.355954 7faf341fc700           Options.random_access_max_buffer_size: 1048576
2020/10/15-19:52:15.355955 7faf341fc700                      Options.use_adaptive_mutex: 0
2020/10/15-19:52:15.355956 7faf341fc700                            Options.rate_limiter: (nil)
2020/10/15-19:52:15.355958 7faf341fc700     Options.sst_file_manager.rate_bytes_per_sec: 0
2020/10/15-19:52:15.355959 7faf341fc700                       Options.wal_recovery_mode: 2
2020/10/15-19:52:15.355960 7faf341fc700                  Options.enable_thread_tracking: 0
2020/10/15-19:52:15.355960 7faf341fc700                  Options.enable_pipelined_write: 0
2020/10/15-19:52:15.355961 7faf341fc700                  Options.unordered_write: 0
2020/10/15-19:52:15.355962 7faf341fc700         Options.allow_concurrent_memtable_write: 1
2020/10/15-19:52:15.355963 7faf341fc700      Options.enable_write_thread_adaptive_yield: 1
2020/10/15-19:52:15.355964 7faf341fc700             Options.write_thread_max_yield_usec: 100
2020/10/15-19:52:15.355965 7faf341fc700            Options.write_thread_slow_yield_usec: 3
2020/10/15-19:52:15.355966 7faf341fc700                               Options.row_cache: None
2020/10/15-19:52:15.355967 7faf341fc700                              Options.wal_filter: None
2020/10/15-19:52:15.355968 7faf341fc700             Options.avoid_flush_during_recovery: 0
2020/10/15-19:52:15.355969 7faf341fc700             Options.allow_ingest_behind: 0
2020/10/15-19:52:15.355970 7faf341fc700             Options.preserve_deletes: 0
2020/10/15-19:52:15.355971 7faf341fc700             Options.two_write_queues: 0
2020/10/15-19:52:15.355972 7faf341fc700             Options.manual_wal_flush: 0
2020/10/15-19:52:15.355973 7faf341fc700             Options.atomic_flush: 0
2020/10/15-19:52:15.355974 7faf341fc700             Options.avoid_unnecessary_blocking_io: 0
2020/10/15-19:52:15.355975 7faf341fc700                 Options.persist_stats_to_disk: 0
2020/10/15-19:52:15.355975 7faf341fc700                 Options.write_dbid_to_manifest: 0
2020/10/15-19:52:15.355976 7faf341fc700                 Options.log_readahead_size: 0
2020/10/15-19:52:15.355977 7faf341fc700                 Options.file_checksum_gen_factory: Unknown
2020/10/15-19:52:15.355978 7faf341fc700                 Options.best_efforts_recovery: 0
2020/10/15-19:52:15.355979 7faf341fc700             Options.max_background_jobs: 2
2020/10/15-19:52:15.355980 7faf341fc700             Options.max_background_compactions: -1
2020/10/15-19:52:15.355981 7faf341fc700             Options.avoid_flush_during_shutdown: 0
2020/10/15-19:52:15.355982 7faf341fc700           Options.writable_file_max_buffer_size: 1048576
2020/10/15-19:52:15.355983 7faf341fc700             Options.delayed_write_rate : 16777216
2020/10/15-19:52:15.355984 7faf341fc700             Options.max_total_wal_size: 0
2020/10/15-19:52:15.355985 7faf341fc700             Options.delete_obsolete_files_period_micros: 21600000000
2020/10/15-19:52:15.355986 7faf341fc700                   Options.stats_dump_period_sec: 600
2020/10/15-19:52:15.355987 7faf341fc700                 Options.stats_persist_period_sec: 600
2020/10/15-19:52:15.355988 7faf341fc700                 Options.stats_history_buffer_size: 1048576
2020/10/15-19:52:15.355989 7faf341fc700                          Options.max_open_files: 512
2020/10/15-19:52:15.355990 7faf341fc700                          Options.bytes_per_sync: 1048576
2020/10/15-19:52:15.355991 7faf341fc700                      Options.wal_bytes_per_sync: 0
2020/10/15-19:52:15.355992 7faf341fc700                   Options.strict_bytes_per_sync: 0
2020/10/15-19:52:15.355993 7faf341fc700       Options.compaction_readahead_size: 0
2020/10/15-19:52:15.355994 7faf341fc700                  Options.max_background_flushes: -1
2020/10/15-19:52:15.355995 7faf341fc700 Compression algorithms supported:
2020/10/15-19:52:15.355996 7faf341fc700 	kZSTDNotFinalCompression supported: 0
2020/10/15-19:52:15.355997 7faf341fc700 	kZSTD supported: 0
2020/10/15-19:52:15.355998 7faf341fc700 	kXpressCompression supported: 0
2020/10/15-19:52:15.355999 7faf341fc700 	kLZ4HCCompression supported: 0
2020/10/15-19:52:15.356007 7faf341fc700 	kLZ4Compression supported: 0
2020/10/15-19:52:15.356008 7faf341fc700 	kBZip2Compression supported: 0
2020/10/15-19:52:15.356009 7faf341fc700 	kZlibCompression supported: 0
2020/10/15-19:52:15.356010 7faf341fc700 	kSnappyCompression supported: 1
2020/10/15-19:52:15.356012 7faf341fc700 Fast CRC32 supported: Supported on x86
2020/10/15-19:52:15.356096 7faf341fc700 [db/version_set.cc:4555] Recovering from manifest file: s4/chains/DevelopmentChain/db/ed610d82ff220c8e/overlayrecent/db/MANIFEST-000109
2020/10/15-19:52:15.356212 7faf341fc700 [db/column_family.cc:579] --------------- Options for column family [default]:
2020/10/15-19:52:15.356214 7faf341fc700               Options.comparator: leveldb.BytewiseComparator
2020/10/15-19:52:15.356215 7faf341fc700           Options.merge_operator: None
2020/10/15-19:52:15.356216 7faf341fc700        Options.compaction_filter: None
2020/10/15-19:52:15.356217 7faf341fc700        Options.compaction_filter_factory: None
2020/10/15-19:52:15.356218 7faf341fc700         Options.memtable_factory: SkipListFactory
2020/10/15-19:52:15.356219 7faf341fc700            Options.table_factory: BlockBasedTable
2020/10/15-19:52:15.356255 7faf341fc700            table_factory options:   flush_block_policy_factory: FlushBlockBySizePolicyFactory (0x5558d26fdb10)
  cache_index_and_filter_blocks: 0
  cache_index_and_filter_blocks_with_high_priority: 1
  pin_l0_filter_and_index_blocks_in_cache: 0
  pin_top_level_index_and_filter: 1
  index_type: 0
  data_block_index_type: 0
  index_shortening: 1
  data_block_hash_table_util_ratio: 0.750000
  hash_index_allow_collision: 1
  checksum: 1
  no_block_cache: 0
  block_cache: 0x5558d26fc830
  block_cache_name: LRUCache
  block_cache_options:
    capacity : 8388608
    num_shard_bits : 4
    strict_capacity_limit : 0
    memory_allocator : None
    high_pri_pool_ratio: 0.000
  block_cache_compressed: (nil)
  persistent_cache: (nil)
  block_size: 4096
  block_size_deviation: 10
  block_restart_interval: 16
  index_block_restart_interval: 1
  metadata_block_size: 4096
  partition_filters: 0
  use_delta_encoding: 1
  filter_policy: nullptr
  whole_key_filtering: 1
  verify_compression: 0
  read_amp_bytes_per_bit: 0
  format_version: 4
  enable_index_compression: 1
  block_align: 0
2020/10/15-19:52:15.356258 7faf341fc700        Options.write_buffer_size: 67108864
2020/10/15-19:52:15.356260 7faf341fc700  Options.max_write_buffer_number: 2
2020/10/15-19:52:15.356261 7faf341fc700          Options.compression: Snappy
2020/10/15-19:52:15.356262 7faf341fc700                  Options.bottommost_compression: Disabled
2020/10/15-19:52:15.356263 7faf341fc700       Options.prefix_extractor: nullptr
2020/10/15-19:52:15.356264 7faf341fc700   Options.memtable_insert_with_hint_prefix_extractor: nullptr
2020/10/15-19:52:15.356265 7faf341fc700             Options.num_levels: 7
2020/10/15-19:52:15.356266 7faf341fc700        Options.min_write_buffer_number_to_merge: 1
2020/10/15-19:52:15.356267 7faf341fc700     Options.max_write_buffer_number_to_maintain: 0
2020/10/15-19:52:15.356267 7faf341fc700     Options.max_write_buffer_size_to_maintain: 0
2020/10/15-19:52:15.356268 7faf341fc700            Options.bottommost_compression_opts.window_bits: -14
2020/10/15-19:52:15.356269 7faf341fc700                  Options.bottommost_compression_opts.level: 32767
2020/10/15-19:52:15.356270 7faf341fc700               Options.bottommost_compression_opts.strategy: 0
2020/10/15-19:52:15.356271 7faf341fc700         Options.bottommost_compression_opts.max_dict_bytes: 0
2020/10/15-19:52:15.356272 7faf341fc700         Options.bottommost_compression_opts.zstd_max_train_bytes: 0
2020/10/15-19:52:15.356273 7faf341fc700         Options.bottommost_compression_opts.parallel_threads: 1
2020/10/15-19:52:15.356274 7faf341fc700                  Options.bottommost_compression_opts.enabled: false
2020/10/15-19:52:15.356275 7faf341fc700            Options.compression_opts.window_bits: -14
2020/10/15-19:52:15.356276 7faf341fc700                  Options.compression_opts.level: 32767
2020/10/15-19:52:15.356288 7faf341fc700               Options.compression_opts.strategy: 0
2020/10/15-19:52:15.356289 7faf341fc700         Options.compression_opts.max_dict_bytes: 0
2020/10/15-19:52:15.356290 7faf341fc700         Options.compression_opts.zstd_max_train_bytes: 0
2020/10/15-19:52:15.356291 7faf341fc700         Options.compression_opts.parallel_threads: 1
2020/10/15-19:52:15.356292 7faf341fc700                  Options.compression_opts.enabled: false
2020/10/15-19:52:15.356293 7faf341fc700      Options.level0_file_num_compaction_trigger: 4
2020/10/15-19:52:15.356294 7faf341fc700          Options.level0_slowdown_writes_trigger: 20
2020/10/15-19:52:15.356295 7faf341fc700              Options.level0_stop_writes_trigger: 36
2020/10/15-19:52:15.356296 7faf341fc700                   Options.target_file_size_base: 67108864
2020/10/15-19:52:15.356297 7faf341fc700             Options.target_file_size_multiplier: 1
2020/10/15-19:52:15.356298 7faf341fc700                Options.max_bytes_for_level_base: 268435456
2020/10/15-19:52:15.356298 7faf341fc700 Options.level_compaction_dynamic_level_bytes: 0
2020/10/15-19:52:15.356299 7faf341fc700          Options.max_bytes_for_level_multiplier: 10.000000
2020/10/15-19:52:15.356302 7faf341fc700 Options.max_bytes_for_level_multiplier_addtl[0]: 1
2020/10/15-19:52:15.356303 7faf341fc700 Options.max_bytes_for_level_multiplier_addtl[1]: 1
2020/10/15-19:52:15.356304 7faf341fc700 Options.max_bytes_for_level_multiplier_addtl[2]: 1
2020/10/15-19:52:15.356305 7faf341fc700 Options.max_bytes_for_level_multiplier_addtl[3]: 1
2020/10/15-19:52:15.356306 7faf341fc700 Options.max_bytes_for_level_multiplier_addtl[4]: 1
2020/10/15-19:52:15.356307 7faf341fc700 Options.max_bytes_for_level_multiplier_addtl[5]: 1
2020/10/15-19:52:15.356308 7faf341fc700 Options.max_bytes_for_level_multiplier_addtl[6]: 1
2020/10/15-19:52:15.356309 7faf341fc700       Options.max_sequential_skip_in_iterations: 8
2020/10/15-19:52:15.356310 7faf341fc700                    Options.max_compaction_bytes: 1677721600
2020/10/15-19:52:15.356311 7faf341fc700                        Options.arena_block_size: 8388608
2020/10/15-19:52:15.356312 7faf341fc700   Options.soft_pending_compaction_bytes_limit: 68719476736
2020/10/15-19:52:15.356313 7faf341fc700   Options.hard_pending_compaction_bytes_limit: 274877906944
2020/10/15-19:52:15.356314 7faf341fc700       Options.rate_limit_delay_max_milliseconds: 100
2020/10/15-19:52:15.356315 7faf341fc700                Options.disable_auto_compactions: 0
2020/10/15-19:52:15.356316 7faf341fc700                        Options.compaction_style: kCompactionStyleLevel
2020/10/15-19:52:15.356317 7faf341fc700                          Options.compaction_pri: kMinOverlappingRatio
2020/10/15-19:52:15.356318 7faf341fc700 Options.compaction_options_universal.size_ratio: 1
2020/10/15-19:52:15.356319 7faf341fc700 Options.compaction_options_universal.min_merge_width: 2
2020/10/15-19:52:15.356320 7faf341fc700 Options.compaction_options_universal.max_merge_width: 4294967295
2020/10/15-19:52:15.356321 7faf341fc700 Options.compaction_options_universal.max_size_amplification_percent: 200
2020/10/15-19:52:15.356322 7faf341fc700 Options.compaction_options_universal.compression_size_percent: -1
2020/10/15-19:52:15.356323 7faf341fc700 Options.compaction_options_universal.stop_style: kCompactionStopStyleTotalSize
2020/10/15-19:52:15.356324 7faf341fc700 Options.compaction_options_fifo.max_table_files_size: 1073741824
2020/10/15-19:52:15.356325 7faf341fc700 Options.compaction_options_fifo.allow_compaction: 0
2020/10/15-19:52:15.356330 7faf341fc700                   Options.table_properties_collectors: 
2020/10/15-19:52:15.356332 7faf341fc700                   Options.inplace_update_support: 0
2020/10/15-19:52:15.356333 7faf341fc700                 Options.inplace_update_num_locks: 10000
2020/10/15-19:52:15.356333 7faf341fc700               Options.memtable_prefix_bloom_size_ratio: 0.000000
2020/10/15-19:52:15.356335 7faf341fc700               Options.memtable_whole_key_filtering: 0
2020/10/15-19:52:15.356342 7faf341fc700   Options.memtable_huge_page_size: 0
2020/10/15-19:52:15.356343 7faf341fc700                           Options.bloom_locality: 0
2020/10/15-19:52:15.356344 7faf341fc700                    Options.max_successive_merges: 0
2020/10/15-19:52:15.356345 7faf341fc700                Options.optimize_filters_for_hits: 0
2020/10/15-19:52:15.356346 7faf341fc700                Options.paranoid_file_checks: 0
2020/10/15-19:52:15.356347 7faf341fc700                Options.force_consistency_checks: 0
2020/10/15-19:52:15.356348 7faf341fc700                Options.report_bg_io_stats: 0
2020/10/15-19:52:15.356349 7faf341fc700                               Options.ttl: 2592000
2020/10/15-19:52:15.356350 7faf341fc700          Options.periodic_compaction_seconds: 0
2020/10/15-19:52:15.356409 7faf341fc700 [db/column_family.cc:579] --------------- Options for column family [col0]:
2020/10/15-19:52:15.356412 7faf341fc700               Options.comparator: leveldb.BytewiseComparator
2020/10/15-19:52:15.356412 7faf341fc700           Options.merge_operator: None
2020/10/15-19:52:15.356413 7faf341fc700        Options.compaction_filter: None
2020/10/15-19:52:15.356414 7faf341fc700        Options.compaction_filter_factory: None
2020/10/15-19:52:15.356415 7faf341fc700         Options.memtable_factory: SkipListFactory
2020/10/15-19:52:15.356416 7faf341fc700            Options.table_factory: BlockBasedTable
2020/10/15-19:52:15.356440 7faf341fc700            table_factory options:   flush_block_policy_factory: FlushBlockBySizePolicyFactory (0x5558d26faba0)
  cache_index_and_filter_blocks: 1
  cache_index_and_filter_blocks_with_high_priority: 1
  pin_l0_filter_and_index_blocks_in_cache: 1
  pin_top_level_index_and_filter: 1
  index_type: 0
  data_block_index_type: 0
  index_shortening: 1
  data_block_hash_table_util_ratio: 0.750000
  hash_index_allow_collision: 1
  checksum: 1
  no_block_cache: 0
  block_cache: 0x5558d26f2250
  block_cache_name: LRUCache
  block_cache_options:
    capacity : 134217728
    num_shard_bits : 6
    strict_capacity_limit : 0
    memory_allocator : None
    high_pri_pool_ratio: 0.500
  block_cache_compressed: (nil)
  persistent_cache: (nil)
  block_size: 16384
  block_size_deviation: 10
  block_restart_interval: 16
  index_block_restart_interval: 1
  metadata_block_size: 4096
  partition_filters: 0
  use_delta_encoding: 1
  filter_policy: rocksdb.BuiltinBloomFilter
  whole_key_filtering: 1
  verify_compression: 0
  read_amp_bytes_per_bit: 0
  format_version: 4
  enable_index_compression: 1
  block_align: 0
2020/10/15-19:52:15.356449 7faf341fc700        Options.write_buffer_size: 67108864
2020/10/15-19:52:15.356450 7faf341fc700  Options.max_write_buffer_number: 6
2020/10/15-19:52:15.356451 7faf341fc700          Options.compression: Snappy
2020/10/15-19:52:15.356452 7faf341fc700                  Options.bottommost_compression: Disabled
2020/10/15-19:52:15.356453 7faf341fc700       Options.prefix_extractor: nullptr
2020/10/15-19:52:15.356454 7faf341fc700   Options.memtable_insert_with_hint_prefix_extractor: nullptr
2020/10/15-19:52:15.356455 7faf341fc700             Options.num_levels: 7
2020/10/15-19:52:15.356456 7faf341fc700        Options.min_write_buffer_number_to_merge: 2
2020/10/15-19:52:15.356457 7faf341fc700     Options.max_write_buffer_number_to_maintain: 0
2020/10/15-19:52:15.356458 7faf341fc700     Options.max_write_buffer_size_to_maintain: 0
2020/10/15-19:52:15.356459 7faf341fc700            Options.bottommost_compression_opts.window_bits: -14
2020/10/15-19:52:15.356460 7faf341fc700                  Options.bottommost_compression_opts.level: 32767
2020/10/15-19:52:15.356461 7faf341fc700               Options.bottommost_compression_opts.strategy: 0
2020/10/15-19:52:15.356462 7faf341fc700         Options.bottommost_compression_opts.max_dict_bytes: 0
2020/10/15-19:52:15.356463 7faf341fc700         Options.bottommost_compression_opts.zstd_max_train_bytes: 0
2020/10/15-19:52:15.356464 7faf341fc700         Options.bottommost_compression_opts.parallel_threads: 1
2020/10/15-19:52:15.356473 7faf341fc700                  Options.bottommost_compression_opts.enabled: false
2020/10/15-19:52:15.356474 7faf341fc700            Options.compression_opts.window_bits: -14
2020/10/15-19:52:15.356475 7faf341fc700                  Options.compression_opts.level: 32767
2020/10/15-19:52:15.356476 7faf341fc700               Options.compression_opts.strategy: 0
2020/10/15-19:52:15.356477 7faf341fc700         Options.compression_opts.max_dict_bytes: 0
2020/10/15-19:52:15.356478 7faf341fc700         Options.compression_opts.zstd_max_train_bytes: 0
2020/10/15-19:52:15.356479 7faf341fc700         Options.compression_opts.parallel_threads: 1
2020/10/15-19:52:15.356480 7faf341fc700                  Options.compression_opts.enabled: false
2020/10/15-19:52:15.356481 7faf341fc700      Options.level0_file_num_compaction_trigger: 2
2020/10/15-19:52:15.356482 7faf341fc700          Options.level0_slowdown_writes_trigger: 20
2020/10/15-19:52:15.356483 7faf341fc700              Options.level0_stop_writes_trigger: 36
2020/10/15-19:52:15.356484 7faf341fc700                   Options.target_file_size_base: 67108864
2020/10/15-19:52:15.356485 7faf341fc700             Options.target_file_size_multiplier: 1
2020/10/15-19:52:15.356486 7faf341fc700                Options.max_bytes_for_level_base: 268435456
2020/10/15-19:52:15.356486 7faf341fc700 Options.level_compaction_dynamic_level_bytes: 1
2020/10/15-19:52:15.356487 7faf341fc700          Options.max_bytes_for_level_multiplier: 10.000000
2020/10/15-19:52:15.356489 7faf341fc700 Options.max_bytes_for_level_multiplier_addtl[0]: 1
2020/10/15-19:52:15.356490 7faf341fc700 Options.max_bytes_for_level_multiplier_addtl[1]: 1
2020/10/15-19:52:15.356491 7faf341fc700 Options.max_bytes_for_level_multiplier_addtl[2]: 1
2020/10/15-19:52:15.356492 7faf341fc700 Options.max_bytes_for_level_multiplier_addtl[3]: 1
2020/10/15-19:52:15.356493 7faf341fc700 Options.max_bytes_for_level_multiplier_addtl[4]: 1
2020/10/15-19:52:15.356494 7faf341fc700 Options.max_bytes_for_level_multiplier_addtl[5]: 1
2020/10/15-19:52:15.356495 7faf341fc700 Options.max_bytes_for_level_multiplier_addtl[6]: 1
2020/10/15-19:52:15.356496 7faf341fc700       Options.max_sequential_skip_in_iterations: 8
2020/10/15-19:52:15.356497 7faf341fc700                    Options.max_compaction_bytes: 1677721600
2020/10/15-19:52:15.356498 7faf341fc700                        Options.arena_block_size: 8388608
2020/10/15-19:52:15.356499 7faf341fc700   Options.soft_pending_compaction_bytes_limit: 68719476736
2020/10/15-19:52:15.356500 7faf341fc700   Options.hard_pending_compaction_bytes_limit: 274877906944
2020/10/15-19:52:15.356501 7faf341fc700       Options.rate_limit_delay_max_milliseconds: 100
2020/10/15-19:52:15.356502 7faf341fc700                Options.disable_auto_compactions: 0
2020/10/15-19:52:15.356503 7faf341fc700                        Options.compaction_style: kCompactionStyleLevel
2020/10/15-19:52:15.356504 7faf341fc700                          Options.compaction_pri: kMinOverlappingRatio
2020/10/15-19:52:15.356505 7faf341fc700 Options.compaction_options_universal.size_ratio: 1
2020/10/15-19:52:15.356506 7faf341fc700 Options.compaction_options_universal.min_merge_width: 2
2020/10/15-19:52:15.356507 7faf341fc700 Options.compaction_options_universal.max_merge_width: 4294967295
2020/10/15-19:52:15.356508 7faf341fc700 Options.compaction_options_universal.max_size_amplification_percent: 200
2020/10/15-19:52:15.356509 7faf341fc700 Options.compaction_options_universal.compression_size_percent: -1
2020/10/15-19:52:15.356510 7faf341fc700 Options.compaction_options_universal.stop_style: kCompactionStopStyleTotalSize
2020/10/15-19:52:15.356511 7faf341fc700 Options.compaction_options_fifo.max_table_files_size: 1073741824
2020/10/15-19:52:15.356512 7faf341fc700 Options.compaction_options_fifo.allow_compaction: 0
2020/10/15-19:52:15.356515 7faf341fc700                   Options.table_properties_collectors: 
2020/10/15-19:52:15.356516 7faf341fc700                   Options.inplace_update_support: 0
2020/10/15-19:52:15.356517 7faf341fc700                 Options.inplace_update_num_locks: 10000
2020/10/15-19:52:15.356524 7faf341fc700               Options.memtable_prefix_bloom_size_ratio: 0.000000
2020/10/15-19:52:15.356527 7faf341fc700               Options.memtable_whole_key_filtering: 0
2020/10/15-19:52:15.356528 7faf341fc700   Options.memtable_huge_page_size: 0
2020/10/15-19:52:15.356530 7faf341fc700                           Options.bloom_locality: 0
2020/10/15-19:52:15.356531 7faf341fc700                    Options.max_successive_merges: 0
2020/10/15-19:52:15.356533 7faf341fc700                Options.optimize_filters_for_hits: 0
2020/10/15-19:52:15.356535 7faf341fc700                Options.paranoid_file_checks: 0
2020/10/15-19:52:15.356536 7faf341fc700                Options.force_consistency_checks: 0
2020/10/15-19:52:15.356538 7faf341fc700                Options.report_bg_io_stats: 0
2020/10/15-19:52:15.356540 7faf341fc700                               Options.ttl: 2592000
2020/10/15-19:52:15.356542 7faf341fc700          Options.periodic_compaction_seconds: 0
2020/10/15-19:52:15.356590 7faf341fc700 [db/column_family.cc:579] --------------- Options for column family [col1]:
2020/10/15-19:52:15.356593 7faf341fc700               Options.comparator: leveldb.BytewiseComparator
2020/10/15-19:52:15.356594 7faf341fc700           Options.merge_operator: None
2020/10/15-19:52:15.356595 7faf341fc700        Options.compaction_filter: None
2020/10/15-19:52:15.356596 7faf341fc700        Options.compaction_filter_factory: None
2020/10/15-19:52:15.356597 7faf341fc700         Options.memtable_factory: SkipListFactory
2020/10/15-19:52:15.356598 7faf341fc700            Options.table_factory: BlockBasedTable
2020/10/15-19:52:15.356617 7faf341fc700            table_factory options:   flush_block_policy_factory: FlushBlockBySizePolicyFactory (0x5558d26f9740)
  cache_index_and_filter_blocks: 1
  cache_index_and_filter_blocks_with_high_priority: 1
  pin_l0_filter_and_index_blocks_in_cache: 1
  pin_top_level_index_and_filter: 1
  index_type: 0
  data_block_index_type: 0
  index_shortening: 1
  data_block_hash_table_util_ratio: 0.750000
  hash_index_allow_collision: 1
  checksum: 1
  no_block_cache: 0
  block_cache: 0x5558d26f2250
  block_cache_name: LRUCache
  block_cache_options:
    capacity : 134217728
    num_shard_bits : 6
    strict_capacity_limit : 0
    memory_allocator : None
    high_pri_pool_ratio: 0.500
  block_cache_compressed: (nil)
  persistent_cache: (nil)
  block_size: 16384
  block_size_deviation: 10
  block_restart_interval: 16
  index_block_restart_interval: 1
  metadata_block_size: 4096
  partition_filters: 0
  use_delta_encoding: 1
  filter_policy: rocksdb.BuiltinBloomFilter
  whole_key_filtering: 1
  verify_compression: 0
  read_amp_bytes_per_bit: 0
  format_version: 4
  enable_index_compression: 1
  block_align: 0
2020/10/15-19:52:15.356618 7faf341fc700        Options.write_buffer_size: 4194304
2020/10/15-19:52:15.356619 7faf341fc700  Options.max_write_buffer_number: 6
2020/10/15-19:52:15.356620 7faf341fc700          Options.compression: Snappy
2020/10/15-19:52:15.356621 7faf341fc700                  Options.bottommost_compression: Disabled
2020/10/15-19:52:15.356622 7faf341fc700       Options.prefix_extractor: nullptr
2020/10/15-19:52:15.356623 7faf341fc700   Options.memtable_insert_with_hint_prefix_extractor: nullptr
2020/10/15-19:52:15.356624 7faf341fc700             Options.num_levels: 7
2020/10/15-19:52:15.356625 7faf341fc700        Options.min_write_buffer_number_to_merge: 2
2020/10/15-19:52:15.356626 7faf341fc700     Options.max_write_buffer_number_to_maintain: 0
2020/10/15-19:52:15.356627 7faf341fc700     Options.max_write_buffer_size_to_maintain: 0
2020/10/15-19:52:15.356628 7faf341fc700            Options.bottommost_compression_opts.window_bits: -14
2020/10/15-19:52:15.356629 7faf341fc700                  Options.bottommost_compression_opts.level: 32767
2020/10/15-19:52:15.356630 7faf341fc700               Options.bottommost_compression_opts.strategy: 0
2020/10/15-19:52:15.356630 7faf341fc700         Options.bottommost_compression_opts.max_dict_bytes: 0
2020/10/15-19:52:15.356640 7faf341fc700         Options.bottommost_compression_opts.zstd_max_train_bytes: 0
2020/10/15-19:52:15.356642 7faf341fc700         Options.bottommost_compression_opts.parallel_threads: 1
2020/10/15-19:52:15.356643 7faf341fc700                  Options.bottommost_compression_opts.enabled: false
2020/10/15-19:52:15.356643 7faf341fc700            Options.compression_opts.window_bits: -14
2020/10/15-19:52:15.356644 7faf341fc700                  Options.compression_opts.level: 32767
2020/10/15-19:52:15.356645 7faf341fc700               Options.compression_opts.strategy: 0
2020/10/15-19:52:15.356646 7faf341fc700         Options.compression_opts.max_dict_bytes: 0
2020/10/15-19:52:15.356647 7faf341fc700         Options.compression_opts.zstd_max_train_bytes: 0
2020/10/15-19:52:15.356648 7faf341fc700         Options.compression_opts.parallel_threads: 1
2020/10/15-19:52:15.356649 7faf341fc700                  Options.compression_opts.enabled: false
2020/10/15-19:52:15.356650 7faf341fc700      Options.level0_file_num_compaction_trigger: 2
2020/10/15-19:52:15.356651 7faf341fc700          Options.level0_slowdown_writes_trigger: 20
2020/10/15-19:52:15.356652 7faf341fc700              Options.level0_stop_writes_trigger: 36
2020/10/15-19:52:15.356653 7faf341fc700                   Options.target_file_size_base: 67108864
2020/10/15-19:52:15.356654 7faf341fc700             Options.target_file_size_multiplier: 1
2020/10/15-19:52:15.356655 7faf341fc700                Options.max_bytes_for_level_base: 16777216
2020/10/15-19:52:15.356656 7faf341fc700 Options.level_compaction_dynamic_level_bytes: 1
2020/10/15-19:52:15.356657 7faf341fc700          Options.max_bytes_for_level_multiplier: 10.000000
2020/10/15-19:52:15.356658 7faf341fc700 Options.max_bytes_for_level_multiplier_addtl[0]: 1
2020/10/15-19:52:15.356659 7faf341fc700 Options.max_bytes_for_level_multiplier_addtl[1]: 1
2020/10/15-19:52:15.356660 7faf341fc700 Options.max_bytes_for_level_multiplier_addtl[2]: 1
2020/10/15-19:52:15.356661 7faf341fc700 Options.max_bytes_for_level_multiplier_addtl[3]: 1
2020/10/15-19:52:15.356662 7faf341fc700 Options.max_bytes_for_level_multiplier_addtl[4]: 1
2020/10/15-19:52:15.356663 7faf341fc700 Options.max_bytes_for_level_multiplier_addtl[5]: 1
2020/10/15-19:52:15.356664 7faf341fc700 Options.max_bytes_for_level_multiplier_addtl[6]: 1
2020/10/15-19:52:15.356665 7faf341fc700       Options.max_sequential_skip_in_iterations: 8
2020/10/15-19:52:15.356666 7faf341fc700                    Options.max_compaction_bytes: 1677721600
2020/10/15-19:52:15.356667 7faf341fc700                        Options.arena_block_size: 524288
2020/10/15-19:52:15.356668 7faf341fc700   Options.soft_pending_compaction_bytes_limit: 68719476736
2020/10/15-19:52:15.356669 7faf341fc700   Options.hard_pending_compaction_bytes_limit: 274877906944
2020/10/15-19:52:15.356670 7faf341fc700       Options.rate_limit_delay_max_milliseconds: 100
2020/10/15-19:52:15.356671 7faf341fc700                Options.disable_auto_compactions: 0
2020/10/15-19:52:15.356672 7faf341fc700                        Options.compaction_style: kCompactionStyleLevel
2020/10/15-19:52:15.356673 7faf341fc700                          Options.compaction_pri: kMinOverlappingRatio
2020/10/15-19:52:15.356674 7faf341fc700 Options.compaction_options_universal.size_ratio: 1
2020/10/15-19:52:15.356675 7faf341fc700 Options.compaction_options_universal.min_merge_width: 2
2020/10/15-19:52:15.356676 7faf341fc700 Options.compaction_options_universal.max_merge_width: 4294967295
2020/10/15-19:52:15.356677 7faf341fc700 Options.compaction_options_universal.max_size_amplification_percent: 200
2020/10/15-19:52:15.356678 7faf341fc700 Options.compaction_options_universal.compression_size_percent: -1
2020/10/15-19:52:15.356679 7faf341fc700 Options.compaction_options_universal.stop_style: kCompactionStopStyleTotalSize
2020/10/15-19:52:15.356680 7faf341fc700 Options.compaction_options_fifo.max_table_files_size: 1073741824
2020/10/15-19:52:15.356681 7faf341fc700 Options.compaction_options_fifo.allow_compaction: 0
2020/10/15-19:52:15.356697 7faf341fc700                   Options.table_properties_collectors: 
2020/10/15-19:52:15.356699 7faf341fc700                   Options.inplace_update_support: 0
2020/10/15-19:52:15.356700 7faf341fc700                 Options.inplace_update_num_locks: 10000
2020/10/15-19:52:15.356701 7faf341fc700               Options.memtable_prefix_bloom_size_ratio: 0.000000
2020/10/15-19:52:15.356702 7faf341fc700               Options.memtable_whole_key_filtering: 0
2020/10/15-19:52:15.356703 7faf341fc700   Options.memtable_huge_page_size: 0
2020/10/15-19:52:15.356704 7faf341fc700                           Options.bloom_locality: 0
2020/10/15-19:52:15.356705 7faf341fc700                    Options.max_successive_merges: 0
2020/10/15-19:52:15.356706 7faf341fc700                Options.optimize_filters_for_hits: 0
2020/10/15-19:52:15.356707 7faf341fc700                Options.paranoid_file_checks: 0
2020/10/15-19:52:15.356708 7faf341fc700                Options.force_consistency_checks: 0
2020/10/15-19:52:15.356708 7faf341fc700                Options.report_bg_io_stats: 0
2020/10/15-19:52:15.356709 7faf341fc700                               Options.ttl: 2592000
2020/10/15-19:52:15.356710 7faf341fc700          Options.periodic_compaction_seconds: 0
2020/10/15-19:52:15.356759 7faf341fc700 [db/column_family.cc:579] --------------- Options for column family [col2]:
2020/10/15-19:52:15.356764 7faf341fc700               Options.comparator: leveldb.BytewiseComparator
2020/10/15-19:52:15.356765 7faf341fc700           Options.merge_operator: None
2020/10/15-19:52:15.356766 7faf341fc700        Options.compaction_filter: None
2020/10/15-19:52:15.356767 7faf341fc700        Options.compaction_filter_factory: None
2020/10/15-19:52:15.356768 7faf341fc700         Options.memtable_factory: SkipListFactory
2020/10/15-19:52:15.356769 7faf341fc700            Options.table_factory: BlockBasedTable
2020/10/15-19:52:15.356794 7faf341fc700            table_factory options:   flush_block_policy_factory: FlushBlockBySizePolicyFactory (0x5558d26f9f50)
  cache_index_and_filter_blocks: 1
  cache_index_and_filter_blocks_with_high_priority: 1
  pin_l0_filter_and_index_blocks_in_cache: 1
  pin_top_level_index_and_filter: 1
  index_type: 0
  data_block_index_type: 0
  index_shortening: 1
  data_block_hash_table_util_ratio: 0.750000
  hash_index_allow_collision: 1
  checksum: 1
  no_block_cache: 0
  block_cache: 0x5558d26f2250
  block_cache_name: LRUCache
  block_cache_options:
    capacity : 134217728
    num_shard_bits : 6
    strict_capacity_limit : 0
    memory_allocator : None
    high_pri_pool_ratio: 0.500
  block_cache_compressed: (nil)
  persistent_cache: (nil)
  block_size: 16384
  block_size_deviation: 10
  block_restart_interval: 16
  index_block_restart_interval: 1
  metadata_block_size: 4096
  partition_filters: 0
  use_delta_encoding: 1
  filter_policy: rocksdb.BuiltinBloomFilter
  whole_key_filtering: 1
  verify_compression: 0
  read_amp_bytes_per_bit: 0
  format_version: 4
  enable_index_compression: 1
  block_align: 0
2020/10/15-19:52:15.356803 7faf341fc700        Options.write_buffer_size: 4194304
2020/10/15-19:52:15.356805 7faf341fc700  Options.max_write_buffer_number: 6
2020/10/15-19:52:15.356805 7faf341fc700          Options.compression: Snappy
2020/10/15-19:52:15.356806 7faf341fc700                  Options.bottommost_compression: Disabled
2020/10/15-19:52:15.356807 7faf341fc700       Options.prefix_extractor: nullptr
2020/10/15-19:52:15.356808 7faf341fc700   Options.memtable_insert_with_hint_prefix_extractor: nullptr
2020/10/15-19:52:15.356809 7faf341fc700             Options.num_levels: 7
2020/10/15-19:52:15.356810 7faf341fc700        Options.min_write_buffer_number_to_merge: 2
2020/10/15-19:52:15.356811 7faf341fc700     Options.max_write_buffer_number_to_maintain: 0
2020/10/15-19:52:15.356812 7faf341fc700     Options.max_write_buffer_size_to_maintain: 0
2020/10/15-19:52:15.356813 7faf341fc700            Options.bottommost_compression_opts.window_bits: -14
2020/10/15-19:52:15.356814 7faf341fc700                  Options.bottommost_compression_opts.level: 32767
2020/10/15-19:52:15.356829 7faf341fc700               Options.bottommost_compression_opts.strategy: 0
2020/10/15-19:52:15.356831 7faf341fc700         Options.bottommost_compression_opts.max_dict_bytes: 0
2020/10/15-19:52:15.356833 7faf341fc700         Options.bottommost_compression_opts.zstd_max_train_bytes: 0
2020/10/15-19:52:15.356835 7faf341fc700         Options.bottommost_compression_opts.parallel_threads: 1
2020/10/15-19:52:15.356836 7faf341fc700                  Options.bottommost_compression_opts.enabled: false
2020/10/15-19:52:15.356837 7faf341fc700            Options.compression_opts.window_bits: -14
2020/10/15-19:52:15.356839 7faf341fc700                  Options.compression_opts.level: 32767
2020/10/15-19:52:15.356840 7faf341fc700               Options.compression_opts.strategy: 0
2020/10/15-19:52:15.356841 7faf341fc700         Options.compression_opts.max_dict_bytes: 0
2020/10/15-19:52:15.356843 7faf341fc700         Options.compression_opts.zstd_max_train_bytes: 0
2020/10/15-19:52:15.356844 7faf341fc700         Options.compression_opts.parallel_threads: 1
2020/10/15-19:52:15.356846 7faf341fc700                  Options.compression_opts.enabled: false
2020/10/15-19:52:15.356847 7faf341fc700      Options.level0_file_num_compaction_trigger: 2
2020/10/15-19:52:15.356848 7faf341fc700          Options.level0_slowdown_writes_trigger: 20
2020/10/15-19:52:15.356850 7faf341fc700              Options.level0_stop_writes_trigger: 36
2020/10/15-19:52:15.356851 7faf341fc700                   Options.target_file_size_base: 67108864
2020/10/15-19:52:15.356853 7faf341fc700             Options.target_file_size_multiplier: 1
2020/10/15-19:52:15.356854 7faf341fc700                Options.max_bytes_for_level_base: 16777216
2020/10/15-19:52:15.356856 7faf341fc700 Options.level_compaction_dynamic_level_bytes: 1
2020/10/15-19:52:15.356857 7faf341fc700          Options.max_bytes_for_level_multiplier: 10.000000
2020/10/15-19:52:15.356860 7faf341fc700 Options.max_bytes_for_level_multiplier_addtl[0]: 1
2020/10/15-19:52:15.356862 7faf341fc700 Options.max_bytes_for_level_multiplier_addtl[1]: 1
2020/10/15-19:52:15.356864 7faf341fc700 Options.max_bytes_for_level_multiplier_addtl[2]: 1
2020/10/15-19:52:15.356865 7faf341fc700 Options.max_bytes_for_level_multiplier_addtl[3]: 1
2020/10/15-19:52:15.356867 7faf341fc700 Options.max_bytes_for_level_multiplier_addtl[4]: 1
2020/10/15-19:52:15.356868 7faf341fc700 Options.max_bytes_for_level_multiplier_addtl[5]: 1
2020/10/15-19:52:15.356870 7faf341fc700 Options.max_bytes_for_level_multiplier_addtl[6]: 1
2020/10/15-19:52:15.356872 7faf341fc700       Options.max_sequential_skip_in_iterations: 8
2020/10/15-19:52:15.356873 7faf341fc700                    Options.max_compaction_bytes: 1677721600
2020/10/15-19:52:15.356875 7faf341fc700                        Options.arena_block_size: 524288
2020/10/15-19:52:15.356876 7faf341fc700   Options.soft_pending_compaction_bytes_limit: 68719476736
