2020/10/15-19:52:15.365537 7f69a60c2700 RocksDB version: 6.11.4
2020/10/15-19:52:15.365579 7f69a60c2700 Git sha rocksdb_build_git_sha:@48bfca38f6f175435052a59791922a1a453d9609@
2020/10/15-19:52:15.365584 7f69a60c2700 Compile date Oct  3 2020
2020/10/15-19:52:15.365592 7f69a60c2700 DB SUMMARY
2020/10/15-19:52:15.365636 7f69a60c2700 CURRENT file:  CURRENT
2020/10/15-19:52:15.365637 7f69a60c2700 IDENTITY file:  IDENTITY
2020/10/15-19:52:15.365641 7f69a60c2700 MANIFEST file:  MANIFEST-000109 size: 1428 Bytes
2020/10/15-19:52:15.365643 7f69a60c2700 SST files in chain1/chains/DevelopmentChain/db/ed610d82ff220c8e/overlayrecent/db dir, Total Num: 8, files: 000026.sst 000027.sst 000028.sst 000029.sst 000104.sst 000105.sst 000107.sst 000108.sst 
2020/10/15-19:52:15.365644 7f69a60c2700 Write Ahead Log file in chain1/chains/DevelopmentChain/db/ed610d82ff220c8e/overlayrecent/db: 000110.log size: 143 ; 
2020/10/15-19:52:15.365646 7f69a60c2700                         Options.error_if_exists: 0
2020/10/15-19:52:15.365647 7f69a60c2700                       Options.create_if_missing: 1
2020/10/15-19:52:15.365648 7f69a60c2700                         Options.paranoid_checks: 1
2020/10/15-19:52:15.365649 7f69a60c2700                                     Options.env: 0x55cf0d849440
2020/10/15-19:52:15.365650 7f69a60c2700                                      Options.fs: Posix File System
2020/10/15-19:52:15.365651 7f69a60c2700                                Options.info_log: 0x55cf0f3486d0
2020/10/15-19:52:15.365652 7f69a60c2700                Options.max_file_opening_threads: 16
2020/10/15-19:52:15.365653 7f69a60c2700                              Options.statistics: (nil)
2020/10/15-19:52:15.365654 7f69a60c2700                               Options.use_fsync: 0
2020/10/15-19:52:15.365655 7f69a60c2700                       Options.max_log_file_size: 0
2020/10/15-19:52:15.365656 7f69a60c2700                  Options.max_manifest_file_size: 1073741824
2020/10/15-19:52:15.365657 7f69a60c2700                   Options.log_file_time_to_roll: 0
2020/10/15-19:52:15.365658 7f69a60c2700                       Options.keep_log_file_num: 1
2020/10/15-19:52:15.365659 7f69a60c2700                    Options.recycle_log_file_num: 0
2020/10/15-19:52:15.365660 7f69a60c2700                         Options.allow_fallocate: 1
2020/10/15-19:52:15.365661 7f69a60c2700                        Options.allow_mmap_reads: 0
2020/10/15-19:52:15.365662 7f69a60c2700                       Options.allow_mmap_writes: 0
2020/10/15-19:52:15.365663 7f69a60c2700                        Options.use_direct_reads: 0
2020/10/15-19:52:15.365664 7f69a60c2700                        Options.use_direct_io_for_flush_and_compaction: 0
2020/10/15-19:52:15.365665 7f69a60c2700          Options.create_missing_column_families: 0
2020/10/15-19:52:15.365666 7f69a60c2700                              Options.db_log_dir: 
2020/10/15-19:52:15.365667 7f69a60c2700                                 Options.wal_dir: chain1/chains/DevelopmentChain/db/ed610d82ff220c8e/overlayrecent/db
2020/10/15-19:52:15.365668 7f69a60c2700                Options.table_cache_numshardbits: 6
2020/10/15-19:52:15.365669 7f69a60c2700                      Options.max_subcompactions: 1
2020/10/15-19:52:15.365669 7f69a60c2700                         Options.WAL_ttl_seconds: 0
2020/10/15-19:52:15.365670 7f69a60c2700                       Options.WAL_size_limit_MB: 0
2020/10/15-19:52:15.365671 7f69a60c2700                        Options.max_write_batch_group_size_bytes: 1048576
2020/10/15-19:52:15.365672 7f69a60c2700             Options.manifest_preallocation_size: 4194304
2020/10/15-19:52:15.365673 7f69a60c2700                     Options.is_fd_close_on_exec: 1
2020/10/15-19:52:15.365674 7f69a60c2700                   Options.advise_random_on_open: 1
2020/10/15-19:52:15.365675 7f69a60c2700                    Options.db_write_buffer_size: 0
2020/10/15-19:52:15.365676 7f69a60c2700                    Options.write_buffer_manager: 0x55cf0f346b50
2020/10/15-19:52:15.365677 7f69a60c2700         Options.access_hint_on_compaction_start: 1
2020/10/15-19:52:15.365678 7f69a60c2700  Options.new_table_reader_for_compaction_inputs: 0
2020/10/15-19:52:15.365711 7f69a60c2700           Options.random_access_max_buffer_size: 1048576
2020/10/15-19:52:15.365713 7f69a60c2700                      Options.use_adaptive_mutex: 0
2020/10/15-19:52:15.365714 7f69a60c2700                            Options.rate_limiter: (nil)
2020/10/15-19:52:15.365715 7f69a60c2700     Options.sst_file_manager.rate_bytes_per_sec: 0
2020/10/15-19:52:15.365716 7f69a60c2700                       Options.wal_recovery_mode: 2
2020/10/15-19:52:15.365717 7f69a60c2700                  Options.enable_thread_tracking: 0
2020/10/15-19:52:15.365718 7f69a60c2700                  Options.enable_pipelined_write: 0
2020/10/15-19:52:15.365719 7f69a60c2700                  Options.unordered_write: 0
2020/10/15-19:52:15.365719 7f69a60c2700         Options.allow_concurrent_memtable_write: 1
2020/10/15-19:52:15.365720 7f69a60c2700      Options.enable_write_thread_adaptive_yield: 1
2020/10/15-19:52:15.365721 7f69a60c2700             Options.write_thread_max_yield_usec: 100
2020/10/15-19:52:15.365722 7f69a60c2700            Options.write_thread_slow_yield_usec: 3
2020/10/15-19:52:15.365723 7f69a60c2700                               Options.row_cache: None
2020/10/15-19:52:15.365724 7f69a60c2700                              Options.wal_filter: None
2020/10/15-19:52:15.365725 7f69a60c2700             Options.avoid_flush_during_recovery: 0
2020/10/15-19:52:15.365726 7f69a60c2700             Options.allow_ingest_behind: 0
2020/10/15-19:52:15.365727 7f69a60c2700             Options.preserve_deletes: 0
2020/10/15-19:52:15.365728 7f69a60c2700             Options.two_write_queues: 0
2020/10/15-19:52:15.365729 7f69a60c2700             Options.manual_wal_flush: 0
2020/10/15-19:52:15.365730 7f69a60c2700             Options.atomic_flush: 0
2020/10/15-19:52:15.365731 7f69a60c2700             Options.avoid_unnecessary_blocking_io: 0
2020/10/15-19:52:15.365732 7f69a60c2700                 Options.persist_stats_to_disk: 0
2020/10/15-19:52:15.365733 7f69a60c2700                 Options.write_dbid_to_manifest: 0
2020/10/15-19:52:15.365734 7f69a60c2700                 Options.log_readahead_size: 0
2020/10/15-19:52:15.365735 7f69a60c2700                 Options.file_checksum_gen_factory: Unknown
2020/10/15-19:52:15.365736 7f69a60c2700                 Options.best_efforts_recovery: 0
2020/10/15-19:52:15.365737 7f69a60c2700             Options.max_background_jobs: 2
2020/10/15-19:52:15.365738 7f69a60c2700             Options.max_background_compactions: -1
2020/10/15-19:52:15.365739 7f69a60c2700             Options.avoid_flush_during_shutdown: 0
2020/10/15-19:52:15.365740 7f69a60c2700           Options.writable_file_max_buffer_size: 1048576
2020/10/15-19:52:15.365741 7f69a60c2700             Options.delayed_write_rate : 16777216
2020/10/15-19:52:15.365742 7f69a60c2700             Options.max_total_wal_size: 0
2020/10/15-19:52:15.365743 7f69a60c2700             Options.delete_obsolete_files_period_micros: 21600000000
2020/10/15-19:52:15.365744 7f69a60c2700                   Options.stats_dump_period_sec: 600
2020/10/15-19:52:15.365745 7f69a60c2700                 Options.stats_persist_period_sec: 600
2020/10/15-19:52:15.365746 7f69a60c2700                 Options.stats_history_buffer_size: 1048576
2020/10/15-19:52:15.365746 7f69a60c2700                          Options.max_open_files: 512
2020/10/15-19:52:15.365747 7f69a60c2700                          Options.bytes_per_sync: 1048576
2020/10/15-19:52:15.365748 7f69a60c2700                      Options.wal_bytes_per_sync: 0
2020/10/15-19:52:15.365749 7f69a60c2700                   Options.strict_bytes_per_sync: 0
2020/10/15-19:52:15.365750 7f69a60c2700       Options.compaction_readahead_size: 0
2020/10/15-19:52:15.365751 7f69a60c2700                  Options.max_background_flushes: -1
2020/10/15-19:52:15.365752 7f69a60c2700 Compression algorithms supported:
2020/10/15-19:52:15.365753 7f69a60c2700 	kZSTDNotFinalCompression supported: 0
2020/10/15-19:52:15.365755 7f69a60c2700 	kZSTD supported: 0
2020/10/15-19:52:15.365756 7f69a60c2700 	kXpressCompression supported: 0
2020/10/15-19:52:15.365764 7f69a60c2700 	kLZ4HCCompression supported: 0
2020/10/15-19:52:15.365765 7f69a60c2700 	kLZ4Compression supported: 0
2020/10/15-19:52:15.365766 7f69a60c2700 	kBZip2Compression supported: 0
2020/10/15-19:52:15.365767 7f69a60c2700 	kZlibCompression supported: 0
2020/10/15-19:52:15.365769 7f69a60c2700 	kSnappyCompression supported: 1
2020/10/15-19:52:15.365771 7f69a60c2700 Fast CRC32 supported: Supported on x86
2020/10/15-19:52:15.365871 7f69a60c2700 [db/version_set.cc:4555] Recovering from manifest file: chain1/chains/DevelopmentChain/db/ed610d82ff220c8e/overlayrecent/db/MANIFEST-000109
2020/10/15-19:52:15.366022 7f69a60c2700 [db/column_family.cc:579] --------------- Options for column family [default]:
2020/10/15-19:52:15.366026 7f69a60c2700               Options.comparator: leveldb.BytewiseComparator
2020/10/15-19:52:15.366028 7f69a60c2700           Options.merge_operator: None
2020/10/15-19:52:15.366029 7f69a60c2700        Options.compaction_filter: None
2020/10/15-19:52:15.366031 7f69a60c2700        Options.compaction_filter_factory: None
2020/10/15-19:52:15.366033 7f69a60c2700         Options.memtable_factory: SkipListFactory
2020/10/15-19:52:15.366035 7f69a60c2700            Options.table_factory: BlockBasedTable
2020/10/15-19:52:15.366087 7f69a60c2700            table_factory options:   flush_block_policy_factory: FlushBlockBySizePolicyFactory (0x55cf0f346b10)
  cache_index_and_filter_blocks: 0
  cache_index_and_filter_blocks_with_high_priority: 1
  pin_l0_filter_and_index_blocks_in_cache: 0
  pin_top_level_index_and_filter: 1
  index_type: 0
  data_block_index_type: 0
  index_shortening: 1
  data_block_hash_table_util_ratio: 0.750000
  hash_index_allow_collision: 1
  checksum: 1
  no_block_cache: 0
  block_cache: 0x55cf0f345830
  block_cache_name: LRUCache
  block_cache_options:
    capacity : 8388608
    num_shard_bits : 4
    strict_capacity_limit : 0
    memory_allocator : None
    high_pri_pool_ratio: 0.000
  block_cache_compressed: (nil)
  persistent_cache: (nil)
  block_size: 4096
  block_size_deviation: 10
  block_restart_interval: 16
  index_block_restart_interval: 1
  metadata_block_size: 4096
  partition_filters: 0
  use_delta_encoding: 1
  filter_policy: nullptr
  whole_key_filtering: 1
  verify_compression: 0
  read_amp_bytes_per_bit: 0
  format_version: 4
  enable_index_compression: 1
  block_align: 0
2020/10/15-19:52:15.366094 7f69a60c2700        Options.write_buffer_size: 67108864
2020/10/15-19:52:15.366107 7f69a60c2700  Options.max_write_buffer_number: 2
2020/10/15-19:52:15.366108 7f69a60c2700          Options.compression: Snappy
2020/10/15-19:52:15.366110 7f69a60c2700                  Options.bottommost_compression: Disabled
2020/10/15-19:52:15.366112 7f69a60c2700       Options.prefix_extractor: nullptr
2020/10/15-19:52:15.366113 7f69a60c2700   Options.memtable_insert_with_hint_prefix_extractor: nullptr
2020/10/15-19:52:15.366114 7f69a60c2700             Options.num_levels: 7
2020/10/15-19:52:15.366115 7f69a60c2700        Options.min_write_buffer_number_to_merge: 1
2020/10/15-19:52:15.366116 7f69a60c2700     Options.max_write_buffer_number_to_maintain: 0
2020/10/15-19:52:15.366117 7f69a60c2700     Options.max_write_buffer_size_to_maintain: 0
2020/10/15-19:52:15.366118 7f69a60c2700            Options.bottommost_compression_opts.window_bits: -14
2020/10/15-19:52:15.366119 7f69a60c2700                  Options.bottommost_compression_opts.level: 32767
2020/10/15-19:52:15.366120 7f69a60c2700               Options.bottommost_compression_opts.strategy: 0
2020/10/15-19:52:15.366120 7f69a60c2700         Options.bottommost_compression_opts.max_dict_bytes: 0
2020/10/15-19:52:15.366121 7f69a60c2700         Options.bottommost_compression_opts.zstd_max_train_bytes: 0
2020/10/15-19:52:15.366122 7f69a60c2700         Options.bottommost_compression_opts.parallel_threads: 1
2020/10/15-19:52:15.366123 7f69a60c2700                  Options.bottommost_compression_opts.enabled: false
2020/10/15-19:52:15.366124 7f69a60c2700            Options.compression_opts.window_bits: -14
2020/10/15-19:52:15.366125 7f69a60c2700                  Options.compression_opts.level: 32767
2020/10/15-19:52:15.366273 7f69a60c2700               Options.compression_opts.strategy: 0
2020/10/15-19:52:15.366277 7f69a60c2700         Options.compression_opts.max_dict_bytes: 0
2020/10/15-19:52:15.366279 7f69a60c2700         Options.compression_opts.zstd_max_train_bytes: 0
2020/10/15-19:52:15.366280 7f69a60c2700         Options.compression_opts.parallel_threads: 1
2020/10/15-19:52:15.366282 7f69a60c2700                  Options.compression_opts.enabled: false
2020/10/15-19:52:15.366284 7f69a60c2700      Options.level0_file_num_compaction_trigger: 4
2020/10/15-19:52:15.366286 7f69a60c2700          Options.level0_slowdown_writes_trigger: 20
2020/10/15-19:52:15.366287 7f69a60c2700              Options.level0_stop_writes_trigger: 36
2020/10/15-19:52:15.366289 7f69a60c2700                   Options.target_file_size_base: 67108864
2020/10/15-19:52:15.366291 7f69a60c2700             Options.target_file_size_multiplier: 1
2020/10/15-19:52:15.366292 7f69a60c2700                Options.max_bytes_for_level_base: 268435456
2020/10/15-19:52:15.366294 7f69a60c2700 Options.level_compaction_dynamic_level_bytes: 0
2020/10/15-19:52:15.366295 7f69a60c2700          Options.max_bytes_for_level_multiplier: 10.000000
2020/10/15-19:52:15.366297 7f69a60c2700 Options.max_bytes_for_level_multiplier_addtl[0]: 1
2020/10/15-19:52:15.366299 7f69a60c2700 Options.max_bytes_for_level_multiplier_addtl[1]: 1
2020/10/15-19:52:15.366300 7f69a60c2700 Options.max_bytes_for_level_multiplier_addtl[2]: 1
2020/10/15-19:52:15.366301 7f69a60c2700 Options.max_bytes_for_level_multiplier_addtl[3]: 1
2020/10/15-19:52:15.366302 7f69a60c2700 Options.max_bytes_for_level_multiplier_addtl[4]: 1
2020/10/15-19:52:15.366303 7f69a60c2700 Options.max_bytes_for_level_multiplier_addtl[5]: 1
2020/10/15-19:52:15.366304 7f69a60c2700 Options.max_bytes_for_level_multiplier_addtl[6]: 1
2020/10/15-19:52:15.366305 7f69a60c2700       Options.max_sequential_skip_in_iterations: 8
2020/10/15-19:52:15.366305 7f69a60c2700                    Options.max_compaction_bytes: 1677721600
2020/10/15-19:52:15.366307 7f69a60c2700                        Options.arena_block_size: 8388608
2020/10/15-19:52:15.366307 7f69a60c2700   Options.soft_pending_compaction_bytes_limit: 68719476736
2020/10/15-19:52:15.366308 7f69a60c2700   Options.hard_pending_compaction_bytes_limit: 274877906944
2020/10/15-19:52:15.366309 7f69a60c2700       Options.rate_limit_delay_max_milliseconds: 100
2020/10/15-19:52:15.366310 7f69a60c2700                Options.disable_auto_compactions: 0
2020/10/15-19:52:15.366313 7f69a60c2700                        Options.compaction_style: kCompactionStyleLevel
2020/10/15-19:52:15.366315 7f69a60c2700                          Options.compaction_pri: kMinOverlappingRatio
2020/10/15-19:52:15.366320 7f69a60c2700 Options.compaction_options_universal.size_ratio: 1
2020/10/15-19:52:15.366322 7f69a60c2700 Options.compaction_options_universal.min_merge_width: 2
2020/10/15-19:52:15.366324 7f69a60c2700 Options.compaction_options_universal.max_merge_width: 4294967295
2020/10/15-19:52:15.366325 7f69a60c2700 Options.compaction_options_universal.max_size_amplification_percent: 200
2020/10/15-19:52:15.366327 7f69a60c2700 Options.compaction_options_universal.compression_size_percent: -1
2020/10/15-19:52:15.366329 7f69a60c2700 Options.compaction_options_universal.stop_style: kCompactionStopStyleTotalSize
2020/10/15-19:52:15.366330 7f69a60c2700 Options.compaction_options_fifo.max_table_files_size: 1073741824
2020/10/15-19:52:15.366332 7f69a60c2700 Options.compaction_options_fifo.allow_compaction: 0
2020/10/15-19:52:15.366339 7f69a60c2700                   Options.table_properties_collectors: 
2020/10/15-19:52:15.366341 7f69a60c2700                   Options.inplace_update_support: 0
2020/10/15-19:52:15.366343 7f69a60c2700                 Options.inplace_update_num_locks: 10000
2020/10/15-19:52:15.366345 7f69a60c2700               Options.memtable_prefix_bloom_size_ratio: 0.000000
2020/10/15-19:52:15.366348 7f69a60c2700               Options.memtable_whole_key_filtering: 0
2020/10/15-19:52:15.366368 7f69a60c2700   Options.memtable_huge_page_size: 0
2020/10/15-19:52:15.366370 7f69a60c2700                           Options.bloom_locality: 0
2020/10/15-19:52:15.366372 7f69a60c2700                    Options.max_successive_merges: 0
2020/10/15-19:52:15.366374 7f69a60c2700                Options.optimize_filters_for_hits: 0
2020/10/15-19:52:15.366375 7f69a60c2700                Options.paranoid_file_checks: 0
2020/10/15-19:52:15.366377 7f69a60c2700                Options.force_consistency_checks: 0
2020/10/15-19:52:15.366378 7f69a60c2700                Options.report_bg_io_stats: 0
2020/10/15-19:52:15.366380 7f69a60c2700                               Options.ttl: 2592000
2020/10/15-19:52:15.366382 7f69a60c2700          Options.periodic_compaction_seconds: 0
2020/10/15-19:52:15.366471 7f69a60c2700 [db/column_family.cc:579] --------------- Options for column family [col0]:
2020/10/15-19:52:15.366475 7f69a60c2700               Options.comparator: leveldb.BytewiseComparator
2020/10/15-19:52:15.366477 7f69a60c2700           Options.merge_operator: None
2020/10/15-19:52:15.366478 7f69a60c2700        Options.compaction_filter: None
2020/10/15-19:52:15.366480 7f69a60c2700        Options.compaction_filter_factory: None
2020/10/15-19:52:15.366482 7f69a60c2700         Options.memtable_factory: SkipListFactory
2020/10/15-19:52:15.366484 7f69a60c2700            Options.table_factory: BlockBasedTable
2020/10/15-19:52:15.366524 7f69a60c2700            table_factory options:   flush_block_policy_factory: FlushBlockBySizePolicyFactory (0x55cf0f343ba0)
  cache_index_and_filter_blocks: 1
  cache_index_and_filter_blocks_with_high_priority: 1
  pin_l0_filter_and_index_blocks_in_cache: 1
  pin_top_level_index_and_filter: 1
  index_type: 0
  data_block_index_type: 0
  index_shortening: 1
  data_block_hash_table_util_ratio: 0.750000
  hash_index_allow_collision: 1
  checksum: 1
  no_block_cache: 0
  block_cache: 0x55cf0f33b250
  block_cache_name: LRUCache
  block_cache_options:
    capacity : 134217728
    num_shard_bits : 6
    strict_capacity_limit : 0
    memory_allocator : None
    high_pri_pool_ratio: 0.500
  block_cache_compressed: (nil)
  persistent_cache: (nil)
  block_size: 16384
  block_size_deviation: 10
  block_restart_interval: 16
  index_block_restart_interval: 1
  metadata_block_size: 4096
  partition_filters: 0
  use_delta_encoding: 1
  filter_policy: rocksdb.BuiltinBloomFilter
  whole_key_filtering: 1
  verify_compression: 0
  read_amp_bytes_per_bit: 0
  format_version: 4
  enable_index_compression: 1
  block_align: 0
2020/10/15-19:52:15.366541 7f69a60c2700        Options.write_buffer_size: 67108864
2020/10/15-19:52:15.366543 7f69a60c2700  Options.max_write_buffer_number: 6
2020/10/15-19:52:15.366545 7f69a60c2700          Options.compression: Snappy
2020/10/15-19:52:15.366547 7f69a60c2700                  Options.bottommost_compression: Disabled
2020/10/15-19:52:15.366549 7f69a60c2700       Options.prefix_extractor: nullptr
2020/10/15-19:52:15.366551 7f69a60c2700   Options.memtable_insert_with_hint_prefix_extractor: nullptr
2020/10/15-19:52:15.366553 7f69a60c2700             Options.num_levels: 7
2020/10/15-19:52:15.366555 7f69a60c2700        Options.min_write_buffer_number_to_merge: 2
2020/10/15-19:52:15.366556 7f69a60c2700     Options.max_write_buffer_number_to_maintain: 0
2020/10/15-19:52:15.366558 7f69a60c2700     Options.max_write_buffer_size_to_maintain: 0
2020/10/15-19:52:15.366560 7f69a60c2700            Options.bottommost_compression_opts.window_bits: -14
2020/10/15-19:52:15.366562 7f69a60c2700                  Options.bottommost_compression_opts.level: 32767
2020/10/15-19:52:15.366564 7f69a60c2700               Options.bottommost_compression_opts.strategy: 0
2020/10/15-19:52:15.366565 7f69a60c2700         Options.bottommost_compression_opts.max_dict_bytes: 0
2020/10/15-19:52:15.366567 7f69a60c2700         Options.bottommost_compression_opts.zstd_max_train_bytes: 0
2020/10/15-19:52:15.366569 7f69a60c2700         Options.bottommost_compression_opts.parallel_threads: 1
2020/10/15-19:52:15.366586 7f69a60c2700                  Options.bottommost_compression_opts.enabled: false
2020/10/15-19:52:15.366588 7f69a60c2700            Options.compression_opts.window_bits: -14
2020/10/15-19:52:15.366590 7f69a60c2700                  Options.compression_opts.level: 32767
2020/10/15-19:52:15.366592 7f69a60c2700               Options.compression_opts.strategy: 0
2020/10/15-19:52:15.366594 7f69a60c2700         Options.compression_opts.max_dict_bytes: 0
2020/10/15-19:52:15.366596 7f69a60c2700         Options.compression_opts.zstd_max_train_bytes: 0
2020/10/15-19:52:15.366598 7f69a60c2700         Options.compression_opts.parallel_threads: 1
2020/10/15-19:52:15.366599 7f69a60c2700                  Options.compression_opts.enabled: false
2020/10/15-19:52:15.366601 7f69a60c2700      Options.level0_file_num_compaction_trigger: 2
2020/10/15-19:52:15.366603 7f69a60c2700          Options.level0_slowdown_writes_trigger: 20
2020/10/15-19:52:15.366605 7f69a60c2700              Options.level0_stop_writes_trigger: 36
2020/10/15-19:52:15.366606 7f69a60c2700                   Options.target_file_size_base: 67108864
2020/10/15-19:52:15.366608 7f69a60c2700             Options.target_file_size_multiplier: 1
2020/10/15-19:52:15.366610 7f69a60c2700                Options.max_bytes_for_level_base: 268435456
2020/10/15-19:52:15.366612 7f69a60c2700 Options.level_compaction_dynamic_level_bytes: 1
2020/10/15-19:52:15.366614 7f69a60c2700          Options.max_bytes_for_level_multiplier: 10.000000
2020/10/15-19:52:15.366617 7f69a60c2700 Options.max_bytes_for_level_multiplier_addtl[0]: 1
2020/10/15-19:52:15.366619 7f69a60c2700 Options.max_bytes_for_level_multiplier_addtl[1]: 1
2020/10/15-19:52:15.366621 7f69a60c2700 Options.max_bytes_for_level_multiplier_addtl[2]: 1
2020/10/15-19:52:15.366623 7f69a60c2700 Options.max_bytes_for_level_multiplier_addtl[3]: 1
2020/10/15-19:52:15.366625 7f69a60c2700 Options.max_bytes_for_level_multiplier_addtl[4]: 1
2020/10/15-19:52:15.366626 7f69a60c2700 Options.max_bytes_for_level_multiplier_addtl[5]: 1
2020/10/15-19:52:15.366628 7f69a60c2700 Options.max_bytes_for_level_multiplier_addtl[6]: 1
2020/10/15-19:52:15.366630 7f69a60c2700       Options.max_sequential_skip_in_iterations: 8
2020/10/15-19:52:15.366632 7f69a60c2700                    Options.max_compaction_bytes: 1677721600
2020/10/15-19:52:15.366634 7f69a60c2700                        Options.arena_block_size: 8388608
2020/10/15-19:52:15.366636 7f69a60c2700   Options.soft_pending_compaction_bytes_limit: 68719476736
2020/10/15-19:52:15.366638 7f69a60c2700   Options.hard_pending_compaction_bytes_limit: 274877906944
2020/10/15-19:52:15.366640 7f69a60c2700       Options.rate_limit_delay_max_milliseconds: 100
2020/10/15-19:52:15.366642 7f69a60c2700                Options.disable_auto_compactions: 0
2020/10/15-19:52:15.366644 7f69a60c2700                        Options.compaction_style: kCompactionStyleLevel
2020/10/15-19:52:15.366646 7f69a60c2700                          Options.compaction_pri: kMinOverlappingRatio
2020/10/15-19:52:15.366648 7f69a60c2700 Options.compaction_options_universal.size_ratio: 1
2020/10/15-19:52:15.366650 7f69a60c2700 Options.compaction_options_universal.min_merge_width: 2
2020/10/15-19:52:15.366651 7f69a60c2700 Options.compaction_options_universal.max_merge_width: 4294967295
2020/10/15-19:52:15.366653 7f69a60c2700 Options.compaction_options_universal.max_size_amplification_percent: 200
2020/10/15-19:52:15.366655 7f69a60c2700 Options.compaction_options_universal.compression_size_percent: -1
2020/10/15-19:52:15.366658 7f69a60c2700 Options.compaction_options_universal.stop_style: kCompactionStopStyleTotalSize
2020/10/15-19:52:15.366660 7f69a60c2700 Options.compaction_options_fifo.max_table_files_size: 1073741824
2020/10/15-19:52:15.366661 7f69a60c2700 Options.compaction_options_fifo.allow_compaction: 0
2020/10/15-19:52:15.366666 7f69a60c2700                   Options.table_properties_collectors: 
2020/10/15-19:52:15.366669 7f69a60c2700                   Options.inplace_update_support: 0
2020/10/15-19:52:15.366670 7f69a60c2700                 Options.inplace_update_num_locks: 10000
2020/10/15-19:52:15.366684 7f69a60c2700               Options.memtable_prefix_bloom_size_ratio: 0.000000
2020/10/15-19:52:15.366688 7f69a60c2700               Options.memtable_whole_key_filtering: 0
2020/10/15-19:52:15.366689 7f69a60c2700   Options.memtable_huge_page_size: 0
2020/10/15-19:52:15.366691 7f69a60c2700                           Options.bloom_locality: 0
2020/10/15-19:52:15.366693 7f69a60c2700                    Options.max_successive_merges: 0
2020/10/15-19:52:15.366695 7f69a60c2700                Options.optimize_filters_for_hits: 0
2020/10/15-19:52:15.366697 7f69a60c2700                Options.paranoid_file_checks: 0
2020/10/15-19:52:15.366698 7f69a60c2700                Options.force_consistency_checks: 0
2020/10/15-19:52:15.366700 7f69a60c2700                Options.report_bg_io_stats: 0
2020/10/15-19:52:15.366701 7f69a60c2700                               Options.ttl: 2592000
2020/10/15-19:52:15.366703 7f69a60c2700          Options.periodic_compaction_seconds: 0
2020/10/15-19:52:15.366778 7f69a60c2700 [db/column_family.cc:579] --------------- Options for column family [col1]:
2020/10/15-19:52:15.366781 7f69a60c2700               Options.comparator: leveldb.BytewiseComparator
2020/10/15-19:52:15.366783 7f69a60c2700           Options.merge_operator: None
2020/10/15-19:52:15.366785 7f69a60c2700        Options.compaction_filter: None
2020/10/15-19:52:15.366786 7f69a60c2700        Options.compaction_filter_factory: None
2020/10/15-19:52:15.366788 7f69a60c2700         Options.memtable_factory: SkipListFactory
2020/10/15-19:52:15.366790 7f69a60c2700            Options.table_factory: BlockBasedTable
2020/10/15-19:52:15.366906 7f69a60c2700            table_factory options:   flush_block_policy_factory: FlushBlockBySizePolicyFactory (0x55cf0f342740)
  cache_index_and_filter_blocks: 1
  cache_index_and_filter_blocks_with_high_priority: 1
  pin_l0_filter_and_index_blocks_in_cache: 1
  pin_top_level_index_and_filter: 1
  index_type: 0
  data_block_index_type: 0
  index_shortening: 1
  data_block_hash_table_util_ratio: 0.750000
  hash_index_allow_collision: 1
  checksum: 1
  no_block_cache: 0
  block_cache: 0x55cf0f33b250
  block_cache_name: LRUCache
  block_cache_options:
    capacity : 134217728
    num_shard_bits : 6
    strict_capacity_limit : 0
    memory_allocator : None
    high_pri_pool_ratio: 0.500
  block_cache_compressed: (nil)
  persistent_cache: (nil)
  block_size: 16384
  block_size_deviation: 10
  block_restart_interval: 16
  index_block_restart_interval: 1
  metadata_block_size: 4096
  partition_filters: 0
  use_delta_encoding: 1
  filter_policy: rocksdb.BuiltinBloomFilter
  whole_key_filtering: 1
  verify_compression: 0
  read_amp_bytes_per_bit: 0
  format_version: 4
  enable_index_compression: 1
  block_align: 0
2020/10/15-19:52:15.366910 7f69a60c2700        Options.write_buffer_size: 4194304
2020/10/15-19:52:15.366911 7f69a60c2700  Options.max_write_buffer_number: 6
2020/10/15-19:52:15.366912 7f69a60c2700          Options.compression: Snappy
2020/10/15-19:52:15.366913 7f69a60c2700                  Options.bottommost_compression: Disabled
2020/10/15-19:52:15.366914 7f69a60c2700       Options.prefix_extractor: nullptr
2020/10/15-19:52:15.366915 7f69a60c2700   Options.memtable_insert_with_hint_prefix_extractor: nullptr
2020/10/15-19:52:15.366916 7f69a60c2700             Options.num_levels: 7
2020/10/15-19:52:15.366917 7f69a60c2700        Options.min_write_buffer_number_to_merge: 2
2020/10/15-19:52:15.366918 7f69a60c2700     Options.max_write_buffer_number_to_maintain: 0
2020/10/15-19:52:15.366919 7f69a60c2700     Options.max_write_buffer_size_to_maintain: 0
2020/10/15-19:52:15.366920 7f69a60c2700            Options.bottommost_compression_opts.window_bits: -14
2020/10/15-19:52:15.366921 7f69a60c2700                  Options.bottommost_compression_opts.level: 32767
2020/10/15-19:52:15.366939 7f69a60c2700               Options.bottommost_compression_opts.strategy: 0
2020/10/15-19:52:15.366940 7f69a60c2700         Options.bottommost_compression_opts.max_dict_bytes: 0
2020/10/15-19:52:15.366954 7f69a60c2700         Options.bottommost_compression_opts.zstd_max_train_bytes: 0
2020/10/15-19:52:15.366956 7f69a60c2700         Options.bottommost_compression_opts.parallel_threads: 1
2020/10/15-19:52:15.366957 7f69a60c2700                  Options.bottommost_compression_opts.enabled: false
2020/10/15-19:52:15.366957 7f69a60c2700            Options.compression_opts.window_bits: -14
2020/10/15-19:52:15.366958 7f69a60c2700                  Options.compression_opts.level: 32767
2020/10/15-19:52:15.366959 7f69a60c2700               Options.compression_opts.strategy: 0
2020/10/15-19:52:15.366960 7f69a60c2700         Options.compression_opts.max_dict_bytes: 0
2020/10/15-19:52:15.366961 7f69a60c2700         Options.compression_opts.zstd_max_train_bytes: 0
2020/10/15-19:52:15.366962 7f69a60c2700         Options.compression_opts.parallel_threads: 1
2020/10/15-19:52:15.366963 7f69a60c2700                  Options.compression_opts.enabled: false
2020/10/15-19:52:15.366964 7f69a60c2700      Options.level0_file_num_compaction_trigger: 2
2020/10/15-19:52:15.366965 7f69a60c2700          Options.level0_slowdown_writes_trigger: 20
2020/10/15-19:52:15.366966 7f69a60c2700              Options.level0_stop_writes_trigger: 36
2020/10/15-19:52:15.366967 7f69a60c2700                   Options.target_file_size_base: 67108864
2020/10/15-19:52:15.366968 7f69a60c2700             Options.target_file_size_multiplier: 1
2020/10/15-19:52:15.366969 7f69a60c2700                Options.max_bytes_for_level_base: 16777216
2020/10/15-19:52:15.366970 7f69a60c2700 Options.level_compaction_dynamic_level_bytes: 1
2020/10/15-19:52:15.366971 7f69a60c2700          Options.max_bytes_for_level_multiplier: 10.000000
2020/10/15-19:52:15.366973 7f69a60c2700 Options.max_bytes_for_level_multiplier_addtl[0]: 1
2020/10/15-19:52:15.366974 7f69a60c2700 Options.max_bytes_for_level_multiplier_addtl[1]: 1
2020/10/15-19:52:15.366975 7f69a60c2700 Options.max_bytes_for_level_multiplier_addtl[2]: 1
2020/10/15-19:52:15.366976 7f69a60c2700 Options.max_bytes_for_level_multiplier_addtl[3]: 1
2020/10/15-19:52:15.366977 7f69a60c2700 Options.max_bytes_for_level_multiplier_addtl[4]: 1
2020/10/15-19:52:15.366978 7f69a60c2700 Options.max_bytes_for_level_multiplier_addtl[5]: 1
2020/10/15-19:52:15.366979 7f69a60c2700 Options.max_bytes_for_level_multiplier_addtl[6]: 1
2020/10/15-19:52:15.366980 7f69a60c2700       Options.max_sequential_skip_in_iterations: 8
2020/10/15-19:52:15.366981 7f69a60c2700                    Options.max_compaction_bytes: 1677721600
2020/10/15-19:52:15.366982 7f69a60c2700                        Options.arena_block_size: 524288
2020/10/15-19:52:15.366983 7f69a60c2700   Options.soft_pending_compaction_bytes_limit: 68719476736
2020/10/15-19:52:15.366984 7f69a60c2700   Options.hard_pending_compaction_bytes_limit: 274877906944
2020/10/15-19:52:15.366985 7f69a60c2700       Options.rate_limit_delay_max_milliseconds: 100
2020/10/15-19:52:15.366986 7f69a60c2700                Options.disable_auto_compactions: 0
2020/10/15-19:52:15.366989 7f69a60c2700                        Options.compaction_style: kCompactionStyleLevel
2020/10/15-19:52:15.366991 7f69a60c2700                          Options.compaction_pri: kMinOverlappingRatio
2020/10/15-19:52:15.366992 7f69a60c2700 Options.compaction_options_universal.size_ratio: 1
2020/10/15-19:52:15.366994 7f69a60c2700 Options.compaction_options_universal.min_merge_width: 2
2020/10/15-19:52:15.366995 7f69a60c2700 Options.compaction_options_universal.max_merge_width: 4294967295
2020/10/15-19:52:15.366997 7f69a60c2700 Options.compaction_options_universal.max_size_amplification_percent: 200
2020/10/15-19:52:15.366999 7f69a60c2700 Options.compaction_options_universal.compression_size_percent: -1
2020/10/15-19:52:15.367001 7f69a60c2700 Options.compaction_options_universal.stop_style: kCompactionStopStyleTotalSize
2020/10/15-19:52:15.367003 7f69a60c2700 Options.compaction_options_fifo.max_table_files_size: 1073741824
2020/10/15-19:52:15.367004 7f69a60c2700 Options.compaction_options_fifo.allow_compaction: 0
2020/10/15-19:52:15.367021 7f69a60c2700                   Options.table_properties_collectors: 
2020/10/15-19:52:15.367024 7f69a60c2700                   Options.inplace_update_support: 0
2020/10/15-19:52:15.367026 7f69a60c2700                 Options.inplace_update_num_locks: 10000
2020/10/15-19:52:15.367027 7f69a60c2700               Options.memtable_prefix_bloom_size_ratio: 0.000000
2020/10/15-19:52:15.367030 7f69a60c2700               Options.memtable_whole_key_filtering: 0
2020/10/15-19:52:15.367032 7f69a60c2700   Options.memtable_huge_page_size: 0
2020/10/15-19:52:15.367033 7f69a60c2700                           Options.bloom_locality: 0
2020/10/15-19:52:15.367035 7f69a60c2700                    Options.max_successive_merges: 0
2020/10/15-19:52:15.367037 7f69a60c2700                Options.optimize_filters_for_hits: 0
2020/10/15-19:52:15.367039 7f69a60c2700                Options.paranoid_file_checks: 0
2020/10/15-19:52:15.367041 7f69a60c2700                Options.force_consistency_checks: 0
2020/10/15-19:52:15.367042 7f69a60c2700                Options.report_bg_io_stats: 0
2020/10/15-19:52:15.367044 7f69a60c2700                               Options.ttl: 2592000
2020/10/15-19:52:15.367046 7f69a60c2700          Options.periodic_compaction_seconds: 0
2020/10/15-19:52:15.367106 7f69a60c2700 [db/column_family.cc:579] --------------- Options for column family [col2]:
2020/10/15-19:52:15.367110 7f69a60c2700               Options.comparator: leveldb.BytewiseComparator
2020/10/15-19:52:15.367111 7f69a60c2700           Options.merge_operator: None
2020/10/15-19:52:15.367113 7f69a60c2700        Options.compaction_filter: None
2020/10/15-19:52:15.367115 7f69a60c2700        Options.compaction_filter_factory: None
2020/10/15-19:52:15.367117 7f69a60c2700         Options.memtable_factory: SkipListFactory
2020/10/15-19:52:15.367118 7f69a60c2700            Options.table_factory: BlockBasedTable
2020/10/15-19:52:15.367163 7f69a60c2700            table_factory options:   flush_block_policy_factory: FlushBlockBySizePolicyFactory (0x55cf0f342f50)
  cache_index_and_filter_blocks: 1
  cache_index_and_filter_blocks_with_high_priority: 1
  pin_l0_filter_and_index_blocks_in_cache: 1
  pin_top_level_index_and_filter: 1
  index_type: 0
  data_block_index_type: 0
  index_shortening: 1
  data_block_hash_table_util_ratio: 0.750000
  hash_index_allow_collision: 1
  checksum: 1
  no_block_cache: 0
  block_cache: 0x55cf0f33b250
  block_cache_name: LRUCache
  block_cache_options:
    capacity : 134217728
    num_shard_bits : 6
    strict_capacity_limit : 0
    memory_allocator : None
    high_pri_pool_ratio: 0.500
  block_cache_compressed: (nil)
  persistent_cache: (nil)
  block_size: 16384
  block_size_deviation: 10
  block_restart_interval: 16
  index_block_restart_interval: 1
  metadata_block_size: 4096
  partition_filters: 0
  use_delta_encoding: 1
  filter_policy: rocksdb.BuiltinBloomFilter
  whole_key_filtering: 1
  verify_compression: 0
  read_amp_bytes_per_bit: 0
  format_version: 4
  enable_index_compression: 1
  block_align: 0
2020/10/15-19:52:15.367177 7f69a60c2700        Options.write_buffer_size: 4194304
2020/10/15-19:52:15.367180 7f69a60c2700  Options.max_write_buffer_number: 6
2020/10/15-19:52:15.367182 7f69a60c2700          Options.compression: Snappy
2020/10/15-19:52:15.367183 7f69a60c2700                  Options.bottommost_compression: Disabled
2020/10/15-19:52:15.367185 7f69a60c2700       Options.prefix_extractor: nullptr
2020/10/15-19:52:15.367187 7f69a60c2700   Options.memtable_insert_with_hint_prefix_extractor: nullptr
2020/10/15-19:52:15.367189 7f69a60c2700             Options.num_levels: 7
2020/10/15-19:52:15.367191 7f69a60c2700        Options.min_write_buffer_number_to_merge: 2
2020/10/15-19:52:15.367193 7f69a60c2700     Options.max_write_buffer_number_to_maintain: 0
2020/10/15-19:52:15.367195 7f69a60c2700     Options.max_write_buffer_size_to_maintain: 0
2020/10/15-19:52:15.367196 7f69a60c2700            Options.bottommost_compression_opts.window_bits: -14
2020/10/15-19:52:15.367198 7f69a60c2700                  Options.bottommost_compression_opts.level: 32767
2020/10/15-19:52:15.367214 7f69a60c2700               Options.bottommost_compression_opts.strategy: 0
2020/10/15-19:52:15.367217 7f69a60c2700         Options.bottommost_compression_opts.max_dict_bytes: 0
2020/10/15-19:52:15.367218 7f69a60c2700         Options.bottommost_compression_opts.zstd_max_train_bytes: 0
2020/10/15-19:52:15.367220 7f69a60c2700         Options.bottommost_compression_opts.parallel_threads: 1
2020/10/15-19:52:15.367222 7f69a60c2700                  Options.bottommost_compression_opts.enabled: false
2020/10/15-19:52:15.367223 7f69a60c2700            Options.compression_opts.window_bits: -14
2020/10/15-19:52:15.367225 7f69a60c2700                  Options.compression_opts.level: 32767
2020/10/15-19:52:15.367227 7f69a60c2700               Options.compression_opts.strategy: 0
2020/10/15-19:52:15.367229 7f69a60c2700         Options.compression_opts.max_dict_bytes: 0
2020/10/15-19:52:15.367231 7f69a60c2700         Options.compression_opts.zstd_max_train_bytes: 0
2020/10/15-19:52:15.367232 7f69a60c2700         Options.compression_opts.parallel_threads: 1
2020/10/15-19:52:15.367234 7f69a60c2700                  Options.compression_opts.enabled: false
2020/10/15-19:52:15.367236 7f69a60c2700      Options.level0_file_num_compaction_trigger: 2
2020/10/15-19:52:15.367238 7f69a60c2700          Options.level0_slowdown_writes_trigger: 20
2020/10/15-19:52:15.367239 7f69a60c2700              Options.level0_stop_writes_trigger: 36
2020/10/15-19:52:15.367241 7f69a60c2700                   Options.target_file_size_base: 67108864
2020/10/15-19:52:15.367243 7f69a60c2700             Options.target_file_size_multiplier: 1
2020/10/15-19:52:15.367244 7f69a60c2700                Options.max_bytes_for_level_base: 16777216
2020/10/15-19:52:15.367246 7f69a60c2700 Options.level_compaction_dynamic_level_bytes: 1
2020/10/15-19:52:15.367248 7f69a60c2700          Options.max_bytes_for_level_multiplier: 10.000000
2020/10/15-19:52:15.367251 7f69a60c2700 Options.max_bytes_for_level_multiplier_addtl[0]: 1
2020/10/15-19:52:15.367253 7f69a60c2700 Options.max_bytes_for_level_multiplier_addtl[1]: 1
2020/10/15-19:52:15.367255 7f69a60c2700 Options.max_bytes_for_level_multiplier_addtl[2]: 1
2020/10/15-19:52:15.367257 7f69a60c2700 Options.max_bytes_for_level_multiplier_addtl[3]: 1
2020/10/15-19:52:15.367259 7f69a60c2700 Options.max_bytes_for_level_multiplier_addtl[4]: 1
2020/10/15-19:52:15.367261 7f69a60c2700 Options.max_bytes_for_level_multiplier_addtl[5]: 1
2020/10/15-19:52:15.367263 7f69a60c2700 Options.max_bytes_for_level_multiplier_addtl[6]: 1
2020/10/15-19:52:15.367265 7f69a60c2700       Options.max_sequential_skip_in_iterations: 8
2020/10/15-19:52:15.367266 7f69a60c2700                    Options.max_compaction_bytes: 1677721600
2020/10/15-19:52:15.367268 7f69a60c2700                        Options.arena_block_size: 524288
2020/10/15-19:52:15.367270 7f69a60c2700   Options.soft_pending_compaction_bytes_limit: 68719476736
